L = 200
N = 20
M = 10
D = [198 81 37 56 137 204 151 41 161 144; 102 71 59 120 127 134 105 93 151 70; 130 259 291 352 199 128 177 325 235 184; 263 132 178 175 76 69 308 172 58 273; 204 75 43 36 135 210 157 21 141 150; 61 122 154 215 126 133 106 188 150 71; 100 229 261 322 169 114 147 295 205 154; 63 194 148 177 250 257 18 154 274 53; 39 168 200 261 186 193 86 234 210 93; 57 174 128 165 230 237 10 138 254 33; 123 168 200 261 108 71 168 234 144 133; 61 98 130 191 126 133 106 164 150 71; 20 149 181 242 167 174 67 215 191 74; 59 188 220 281 138 145 106 254 164 113; 9 128 160 221 178 185 54 194 202 53; 41 140 172 233 146 153 86 206 170 65; 62 91 123 184 125 132 107 157 149 72; 196 87 41 62 143 202 149 47 167 142; 201 70 116 157 14 71 246 130 40 211; 109 156 110 131 212 219 62 116 236 55]
f = [50, 26, 31, 40, 41, 25, 33, 43, 36, 39]

Résultats par la méthode exacte :
Valeur objectif : 1184.0
x = [0.0 0.0 1.0 0.0 0.0 0.0 0.0 0.0 0.0 0.0; 0.0 0.0 1.0 0.0 0.0 0.0 0.0 0.0 0.0 0.0; 0.0 0.0 0.0 0.0 0.0 1.0 0.0 0.0 0.0 0.0; 0.0 0.0 0.0 0.0 0.0 1.0 0.0 0.0 0.0 0.0; 0.0 0.0 1.0 0.0 0.0 0.0 0.0 0.0 0.0 0.0; 1.0 0.0 0.0 0.0 0.0 0.0 0.0 0.0 0.0 0.0; 1.0 0.0 0.0 0.0 0.0 0.0 0.0 0.0 0.0 0.0; 0.0 0.0 0.0 0.0 0.0 0.0 1.0 0.0 0.0 0.0; 1.0 0.0 0.0 0.0 0.0 0.0 0.0 0.0 0.0 0.0; 0.0 0.0 0.0 0.0 0.0 0.0 1.0 0.0 0.0 0.0; 0.0 0.0 0.0 0.0 0.0 1.0 0.0 0.0 0.0 0.0; 1.0 0.0 0.0 0.0 0.0 0.0 0.0 0.0 0.0 0.0; 1.0 0.0 0.0 0.0 0.0 0.0 0.0 0.0 0.0 0.0; 1.0 0.0 0.0 0.0 0.0 0.0 0.0 0.0 0.0 0.0; 1.0 0.0 0.0 0.0 0.0 0.0 0.0 0.0 0.0 0.0; 1.0 0.0 0.0 0.0 0.0 0.0 0.0 0.0 0.0 0.0; 1.0 0.0 0.0 0.0 0.0 0.0 0.0 0.0 0.0 0.0; 0.0 0.0 1.0 0.0 0.0 0.0 0.0 0.0 0.0 0.0; 0.0 0.0 0.0 0.0 1.0 0.0 0.0 0.0 0.0 0.0; 0.0 0.0 0.0 0.0 0.0 0.0 1.0 0.0 0.0 0.0]
y = [1.0, -0.0, 1.0, -0.0, 1.0, 1.0, 1.0, -0.0, -0.0, -0.0]

Résultats par le problème relâché :
Valeur objectif : 1184.0
x = [0.0 0.0 1.0 0.0 0.0 0.0 0.0 0.0 0.0 0.0; 0.0 0.0 1.0 0.0 0.0 0.0 0.0 0.0 0.0 0.0; 0.0 0.0 0.0 0.0 0.0 1.0 0.0 0.0 0.0 0.0; 0.0 0.0 0.0 0.0 0.0 1.0 0.0 0.0 0.0 0.0; 0.0 0.0 1.0 0.0 0.0 0.0 0.0 0.0 0.0 0.0; 1.0 0.0 0.0 0.0 0.0 0.0 0.0 0.0 0.0 0.0; 1.0 0.0 0.0 0.0 0.0 0.0 0.0 0.0 0.0 0.0; 0.0 0.0 0.0 0.0 0.0 0.0 1.0 0.0 0.0 0.0; 1.0 0.0 0.0 0.0 0.0 0.0 0.0 0.0 0.0 0.0; 0.0 0.0 0.0 0.0 0.0 0.0 1.0 0.0 0.0 0.0; 0.0 0.0 0.0 0.0 0.0 1.0 0.0 0.0 0.0 0.0; 1.0 0.0 0.0 0.0 0.0 0.0 0.0 0.0 0.0 0.0; 1.0 0.0 0.0 0.0 0.0 0.0 0.0 0.0 0.0 0.0; 1.0 0.0 0.0 0.0 0.0 0.0 0.0 0.0 0.0 0.0; 1.0 0.0 0.0 0.0 0.0 0.0 0.0 0.0 0.0 0.0; 1.0 0.0 0.0 0.0 0.0 0.0 0.0 0.0 0.0 0.0; 1.0 0.0 0.0 0.0 0.0 0.0 0.0 0.0 0.0 0.0; 0.0 0.0 1.0 0.0 0.0 0.0 0.0 0.0 0.0 0.0; 0.0 0.0 0.0 0.0 1.0 0.0 0.0 0.0 0.0 0.0; 0.0 0.0 0.0 0.0 0.0 0.0 1.0 0.0 0.0 0.0]
y = [1.0, 0.0, 1.0, 0.0, 1.0, 1.0, 1.0, 0.0, 0.0, 0.0]

Résultats par la méthode d'arrondi :
Valeur objectif : 1184
x = [0 0 1 0 0 0 0 0 0 0; 0 0 1 0 0 0 0 0 0 0; 0 0 0 0 0 1 0 0 0 0; 0 0 0 0 0 1 0 0 0 0; 0 0 1 0 0 0 0 0 0 0; 1 0 0 0 0 0 0 0 0 0; 1 0 0 0 0 0 0 0 0 0; 0 0 0 0 0 0 1 0 0 0; 1 0 0 0 0 0 0 0 0 0; 0 0 0 0 0 0 1 0 0 0; 0 0 0 0 0 1 0 0 0 0; 1 0 0 0 0 0 0 0 0 0; 1 0 0 0 0 0 0 0 0 0; 1 0 0 0 0 0 0 0 0 0; 1 0 0 0 0 0 0 0 0 0; 1 0 0 0 0 0 0 0 0 0; 1 0 0 0 0 0 0 0 0 0; 0 0 1 0 0 0 0 0 0 0; 0 0 0 0 1 0 0 0 0 0; 0 0 0 0 0 0 1 0 0 0]
y = [1, 0, 1, 0, 1, 1, 1, 0, 0, 0]

Résultats par la méthode primale-duale :
Valeur objectif : 1205
x = [0 0 1 0 0 0 0 0 0 0; 0 0 1 0 0 0 0 0 0 0; 1 0 0 0 0 0 0 0 0 0; 0 0 0 0 1 0 0 0 0 0; 0 0 1 0 0 0 0 0 0 0; 1 0 0 0 0 0 0 0 0 0; 1 0 0 0 0 0 0 0 0 0; 0 0 0 0 0 0 1 0 0 0; 1 0 0 0 0 0 0 0 0 0; 0 0 0 0 0 0 1 0 0 0; 0 0 0 0 1 0 0 0 0 0; 1 0 0 0 0 0 0 0 0 0; 1 0 0 0 0 0 0 0 0 0; 1 0 0 0 0 0 0 0 0 0; 1 0 0 0 0 0 0 0 0 0; 1 0 0 0 0 0 0 0 0 0; 1 0 0 0 0 0 0 0 0 0; 0 0 1 0 0 0 0 0 0 0; 0 0 0 0 1 0 0 0 0 0; 0 0 0 0 0 0 1 0 0 0]
y = [1, 0, 1, 0, 1, 0, 1, 0, 0, 0]
