L = 100
N = 20
M = 10
D = [15 109 85 33 91 48 54 46 48 118; 49 61 23 81 31 30 64 26 62 70; 77 21 93 125 99 74 108 70 106 26; 83 83 35 65 47 48 48 50 48 102; 41 105 63 37 75 14 20 18 18 114; 48 54 120 88 126 83 89 81 83 63; 46 48 56 94 62 43 77 39 75 57; 76 56 24 124 22 73 107 69 105 75; 23 117 75 25 87 28 34 30 28 126; 13 81 69 61 75 32 44 30 42 90; 25 69 63 73 69 26 56 24 54 78; 56 38 86 104 92 53 87 49 85 47; 47 47 83 95 89 46 78 44 76 56; 100 100 28 90 22 65 73 67 71 119; 79 79 25 125 13 74 108 70 106 98; 84 14 86 132 92 81 115 77 113 19; 44 70 116 72 122 79 85 77 79 79; 90 68 38 138 26 87 121 83 119 87; 63 31 79 111 85 60 94 56 92 40; 10 104 82 38 88 45 51 43 45 113]
f = [41, 49, 48, 26, 49, 25, 46, 29, 45, 36]

Résultats par la méthode exacte :
Valeur objectif : 706.0
x = [1.0 0.0 0.0 0.0 0.0 0.0 0.0 0.0 0.0 0.0; 0.0 0.0 0.0 0.0 0.0 0.0 0.0 1.0 0.0 0.0; 0.0 1.0 0.0 0.0 0.0 0.0 0.0 0.0 0.0 0.0; 0.0 0.0 0.0 0.0 1.0 0.0 0.0 0.0 0.0 0.0; 0.0 0.0 0.0 0.0 0.0 0.0 0.0 1.0 0.0 0.0; 1.0 0.0 0.0 0.0 0.0 0.0 0.0 0.0 0.0 0.0; 0.0 0.0 0.0 0.0 0.0 0.0 0.0 1.0 0.0 0.0; 0.0 0.0 0.0 0.0 1.0 0.0 0.0 0.0 0.0 0.0; 1.0 0.0 0.0 0.0 0.0 0.0 0.0 0.0 0.0 0.0; 1.0 0.0 0.0 0.0 0.0 0.0 0.0 0.0 0.0 0.0; 0.0 0.0 0.0 0.0 0.0 0.0 0.0 1.0 0.0 0.0; 0.0 1.0 0.0 0.0 0.0 0.0 0.0 0.0 0.0 0.0; 0.0 0.0 0.0 0.0 0.0 0.0 0.0 1.0 0.0 0.0; 0.0 0.0 0.0 0.0 1.0 0.0 0.0 0.0 0.0 0.0; 0.0 0.0 0.0 0.0 1.0 0.0 0.0 0.0 0.0 0.0; 0.0 1.0 0.0 0.0 0.0 0.0 0.0 0.0 0.0 0.0; 1.0 0.0 0.0 0.0 0.0 0.0 0.0 0.0 0.0 0.0; 0.0 0.0 0.0 0.0 1.0 0.0 0.0 0.0 0.0 0.0; 0.0 1.0 0.0 0.0 0.0 0.0 0.0 0.0 0.0 0.0; 1.0 0.0 0.0 0.0 0.0 0.0 0.0 0.0 0.0 0.0]
y = [1.0, 1.0, -0.0, -0.0, 1.0, -0.0, -0.0, 1.0, -0.0, -0.0]

Résultats par le problème relâché :
Valeur objectif : 706.0
x = [1.0 0.0 0.0 0.0 0.0 0.0 0.0 0.0 0.0 0.0; 0.0 0.0 0.0 0.0 0.0 0.0 0.0 1.0 0.0 0.0; 0.0 1.0 0.0 0.0 0.0 0.0 0.0 0.0 0.0 0.0; 0.0 0.0 0.0 0.0 1.0 0.0 0.0 0.0 0.0 0.0; 0.0 0.0 0.0 0.0 0.0 0.0 0.0 1.0 0.0 0.0; 1.0 0.0 0.0 0.0 0.0 0.0 0.0 0.0 0.0 0.0; 0.0 0.0 0.0 0.0 0.0 0.0 0.0 1.0 0.0 0.0; 0.0 0.0 0.0 0.0 1.0 0.0 0.0 0.0 0.0 0.0; 1.0 0.0 0.0 0.0 0.0 0.0 0.0 0.0 0.0 0.0; 1.0 0.0 0.0 0.0 0.0 0.0 0.0 0.0 0.0 0.0; 0.0 0.0 0.0 0.0 0.0 0.0 0.0 1.0 0.0 0.0; 0.0 1.0 0.0 0.0 0.0 0.0 0.0 0.0 0.0 0.0; 0.0 0.0 0.0 0.0 0.0 0.0 0.0 1.0 0.0 0.0; 0.0 0.0 0.0 0.0 1.0 0.0 0.0 0.0 0.0 0.0; 0.0 0.0 0.0 0.0 1.0 0.0 0.0 0.0 0.0 0.0; 0.0 1.0 0.0 0.0 0.0 0.0 0.0 0.0 0.0 0.0; 1.0 0.0 0.0 0.0 0.0 0.0 0.0 0.0 0.0 0.0; 0.0 0.0 0.0 0.0 1.0 0.0 0.0 0.0 0.0 0.0; 0.0 1.0 0.0 0.0 0.0 0.0 0.0 0.0 0.0 0.0; 1.0 0.0 0.0 0.0 0.0 0.0 0.0 0.0 0.0 0.0]
y = [1.0, 1.0, 0.0, 0.0, 1.0, 0.0, 0.0, 1.0, 0.0, 0.0]

Résultats par la méthode d'arrondi :
Valeur objectif : 706
x = [1 0 0 0 0 0 0 0 0 0; 0 0 0 0 0 0 0 1 0 0; 0 1 0 0 0 0 0 0 0 0; 0 0 0 0 1 0 0 0 0 0; 0 0 0 0 0 0 0 1 0 0; 1 0 0 0 0 0 0 0 0 0; 0 0 0 0 0 0 0 1 0 0; 0 0 0 0 1 0 0 0 0 0; 1 0 0 0 0 0 0 0 0 0; 1 0 0 0 0 0 0 0 0 0; 0 0 0 0 0 0 0 1 0 0; 0 1 0 0 0 0 0 0 0 0; 0 0 0 0 0 0 0 1 0 0; 0 0 0 0 1 0 0 0 0 0; 0 0 0 0 1 0 0 0 0 0; 0 1 0 0 0 0 0 0 0 0; 1 0 0 0 0 0 0 0 0 0; 0 0 0 0 1 0 0 0 0 0; 0 1 0 0 0 0 0 0 0 0; 1 0 0 0 0 0 0 0 0 0]
y = [1, 1, 0, 0, 1, 0, 0, 1, 0, 0]

Résultats par la méthode primale-duale :
Valeur objectif : 716
x = [1 0 0 0 0 0 0 0 0 0; 0 0 0 0 1 0 0 0 0 0; 0 1 0 0 0 0 0 0 0 0; 0 0 0 0 1 0 0 0 0 0; 1 0 0 0 0 0 0 0 0 0; 1 0 0 0 0 0 0 0 0 0; 1 0 0 0 0 0 0 0 0 0; 0 0 0 0 1 0 0 0 0 0; 1 0 0 0 0 0 0 0 0 0; 1 0 0 0 0 0 0 0 0 0; 1 0 0 0 0 0 0 0 0 0; 0 1 0 0 0 0 0 0 0 0; 1 0 0 0 0 0 0 0 0 0; 0 0 0 0 1 0 0 0 0 0; 0 0 0 0 1 0 0 0 0 0; 0 1 0 0 0 0 0 0 0 0; 1 0 0 0 0 0 0 0 0 0; 0 0 0 0 1 0 0 0 0 0; 0 1 0 0 0 0 0 0 0 0; 1 0 0 0 0 0 0 0 0 0]
y = [1, 1, 0, 0, 1, 0, 0, 0, 0, 0]
