L = 180
N = 20
M = 10
D = [226 165 93 209 230 247 53 164 69 139; 220 159 53 203 224 241 47 158 47 133; 118 123 83 101 122 139 55 162 55 33; 91 74 214 126 119 26 186 101 186 100; 166 205 35 149 170 187 79 244 59 79; 82 71 167 117 110 55 139 110 139 85; 117 270 100 90 111 182 144 309 124 114; 250 189 49 233 254 271 77 188 77 163; 211 150 38 194 215 232 38 171 38 124; 44 109 179 79 72 43 151 148 151 65; 51 102 220 86 79 14 192 141 192 106; 20 133 183 55 48 45 155 172 155 69; 48 123 249 65 58 35 221 162 221 135; 202 141 113 185 206 223 69 140 89 115; 101 224 100 84 105 136 98 263 78 68; 113 230 88 96 117 142 104 269 84 74; 36 117 181 71 64 41 153 156 153 67; 77 114 124 74 81 98 96 153 96 42; 113 40 130 148 141 94 100 79 106 116; 40 125 161 63 56 61 133 164 133 47]
f = [48, 50, 46, 47, 33, 32, 38, 34, 27, 44]

Résultats par la méthode exacte :
Valeur objectif : 1164.0
x = [0.0 0.0 0.0 0.0 0.0 0.0 1.0 0.0 0.0 0.0; 0.0 0.0 0.0 0.0 0.0 0.0 1.0 0.0 0.0 0.0; 0.0 0.0 0.0 0.0 0.0 0.0 0.0 0.0 0.0 1.0; 0.0 0.0 0.0 0.0 0.0 1.0 0.0 0.0 0.0 0.0; 0.0 0.0 1.0 0.0 0.0 0.0 0.0 0.0 0.0 0.0; 0.0 0.0 0.0 0.0 0.0 1.0 0.0 0.0 0.0 0.0; 0.0 0.0 1.0 0.0 0.0 0.0 0.0 0.0 0.0 0.0; 0.0 0.0 1.0 0.0 0.0 0.0 0.0 0.0 0.0 0.0; 0.0 0.0 1.0 0.0 0.0 0.0 0.0 0.0 0.0 0.0; 0.0 0.0 0.0 0.0 0.0 1.0 0.0 0.0 0.0 0.0; 0.0 0.0 0.0 0.0 0.0 1.0 0.0 0.0 0.0 0.0; 0.0 0.0 0.0 0.0 0.0 1.0 0.0 0.0 0.0 0.0; 0.0 0.0 0.0 0.0 0.0 1.0 0.0 0.0 0.0 0.0; 0.0 0.0 0.0 0.0 0.0 0.0 1.0 0.0 0.0 0.0; 0.0 0.0 0.0 0.0 0.0 0.0 0.0 0.0 0.0 1.0; 0.0 0.0 0.0 0.0 0.0 0.0 0.0 0.0 0.0 1.0; 0.0 0.0 0.0 0.0 0.0 1.0 0.0 0.0 0.0 0.0; 0.0 0.0 0.0 0.0 0.0 0.0 0.0 0.0 0.0 1.0; 0.0 1.0 0.0 0.0 0.0 0.0 0.0 0.0 0.0 0.0; 0.0 0.0 0.0 0.0 0.0 0.0 0.0 0.0 0.0 1.0]
y = [-0.0, 1.0, 1.0, -0.0, -0.0, 1.0, 1.0, -0.0, -0.0, 1.0]

Résultats par le problème relâché :
Valeur objectif : 1164.0
x = [0.0 0.0 0.0 0.0 0.0 0.0 1.0 0.0 0.0 0.0; 0.0 0.0 0.0 0.0 0.0 0.0 1.0 0.0 0.0 0.0; 0.0 0.0 0.0 0.0 0.0 0.0 0.0 0.0 0.0 1.0; 0.0 0.0 0.0 0.0 0.0 1.0 0.0 0.0 0.0 0.0; 0.0 0.0 1.0 0.0 0.0 0.0 0.0 0.0 0.0 0.0; 0.0 0.0 0.0 0.0 0.0 1.0 0.0 0.0 0.0 0.0; 0.0 0.0 1.0 0.0 0.0 0.0 0.0 0.0 0.0 0.0; 0.0 0.0 1.0 0.0 0.0 0.0 0.0 0.0 0.0 0.0; 0.0 0.0 1.0 0.0 0.0 0.0 0.0 0.0 0.0 0.0; 0.0 0.0 0.0 0.0 0.0 1.0 0.0 0.0 0.0 0.0; 0.0 0.0 0.0 0.0 0.0 1.0 0.0 0.0 0.0 0.0; 0.0 0.0 0.0 0.0 0.0 1.0 0.0 0.0 0.0 0.0; 0.0 0.0 0.0 0.0 0.0 1.0 0.0 0.0 0.0 0.0; 0.0 0.0 0.0 0.0 0.0 0.0 1.0 0.0 0.0 0.0; 0.0 0.0 0.0 0.0 0.0 0.0 0.0 0.0 0.0 1.0; 0.0 0.0 0.0 0.0 0.0 0.0 0.0 0.0 0.0 1.0; 0.0 0.0 0.0 0.0 0.0 1.0 0.0 0.0 0.0 0.0; 0.0 0.0 0.0 0.0 0.0 0.0 0.0 0.0 0.0 1.0; 0.0 1.0 0.0 0.0 0.0 0.0 0.0 0.0 0.0 0.0; 0.0 0.0 0.0 0.0 0.0 0.0 0.0 0.0 0.0 1.0]
y = [0.0, 1.0, 1.0, 0.0, 0.0, 1.0, 1.0, 0.0, 0.0, 1.0]

Résultats par la méthode d'arrondi :
Valeur objectif : 1164
x = [0 0 0 0 0 0 1 0 0 0; 0 0 0 0 0 0 1 0 0 0; 0 0 0 0 0 0 0 0 0 1; 0 0 0 0 0 1 0 0 0 0; 0 0 1 0 0 0 0 0 0 0; 0 0 0 0 0 1 0 0 0 0; 0 0 1 0 0 0 0 0 0 0; 0 0 1 0 0 0 0 0 0 0; 0 0 1 0 0 0 0 0 0 0; 0 0 0 0 0 1 0 0 0 0; 0 0 0 0 0 1 0 0 0 0; 0 0 0 0 0 1 0 0 0 0; 0 0 0 0 0 1 0 0 0 0; 0 0 0 0 0 0 1 0 0 0; 0 0 0 0 0 0 0 0 0 1; 0 0 0 0 0 0 0 0 0 1; 0 0 0 0 0 1 0 0 0 0; 0 0 0 0 0 0 0 0 0 1; 0 1 0 0 0 0 0 0 0 0; 0 0 0 0 0 0 0 0 0 1]
y = [0, 1, 1, 0, 0, 1, 1, 0, 0, 1]

Résultats par la méthode primale-duale :
Valeur objectif : 1216
x = [0 0 1 0 0 0 0 0 0 0; 0 0 1 0 0 0 0 0 0 0; 0 0 0 0 0 0 0 0 0 1; 0 0 0 0 0 1 0 0 0 0; 0 0 1 0 0 0 0 0 0 0; 0 0 0 0 0 1 0 0 0 0; 0 0 1 0 0 0 0 0 0 0; 0 0 1 0 0 0 0 0 0 0; 0 0 1 0 0 0 0 0 0 0; 0 0 0 0 0 1 0 0 0 0; 0 0 0 0 0 1 0 0 0 0; 0 0 0 0 0 1 0 0 0 0; 0 0 0 0 0 1 0 0 0 0; 0 0 1 0 0 0 0 0 0 0; 0 0 0 0 0 0 0 0 0 1; 0 0 0 0 0 0 0 0 0 1; 0 0 0 0 0 1 0 0 0 0; 0 0 0 0 0 0 0 0 0 1; 0 1 0 0 0 0 0 0 0 0; 0 0 0 0 0 0 0 0 0 1]
y = [0, 1, 1, 0, 0, 1, 0, 0, 0, 1]
