L = 80
N = 20
M = 10
D = [65 66 55 101 72 61 90 119 105 92; 53 38 85 73 112 43 14 63 79 60; 39 26 71 59 98 31 8 49 65 46; 44 65 34 80 51 40 69 98 84 71; 18 33 50 50 77 10 39 68 54 41; 52 51 62 20 59 56 47 10 26 25; 65 64 75 29 58 69 60 11 25 38; 43 82 53 11 36 49 78 21 5 24; 63 114 31 43 6 81 110 53 37 56; 64 65 54 100 73 60 89 118 104 91; 62 11 94 82 121 44 27 72 88 69; 18 51 32 54 59 18 47 72 58 45; 55 54 65 49 88 59 30 39 55 36; 62 27 94 82 121 44 15 72 88 69; 48 59 58 12 51 52 55 6 18 21; 55 64 65 19 48 59 60 3 15 28; 34 33 66 68 93 28 57 86 72 59; 20 71 12 44 39 38 67 62 48 35; 20 71 12 42 39 38 67 60 46 33; 38 89 48 18 31 56 85 28 12 31]
f = [25, 34, 32, 45, 50, 33, 50, 33, 29, 42]

Résultats par la méthode exacte :
Valeur objectif : 572.0
x = [0.0 0.0 1.0 0.0 0.0 0.0 0.0 0.0 0.0 0.0; 0.0 0.0 0.0 0.0 0.0 0.0 1.0 0.0 0.0 0.0; 0.0 0.0 0.0 0.0 0.0 0.0 1.0 0.0 0.0 0.0; 0.0 0.0 1.0 0.0 0.0 0.0 0.0 0.0 0.0 0.0; 0.0 0.0 0.0 0.0 0.0 1.0 0.0 0.0 0.0 0.0; 0.0 0.0 0.0 0.0 0.0 0.0 0.0 1.0 0.0 0.0; 0.0 0.0 0.0 0.0 0.0 0.0 0.0 1.0 0.0 0.0; 0.0 0.0 0.0 0.0 0.0 0.0 0.0 0.0 1.0 0.0; 0.0 0.0 1.0 0.0 0.0 0.0 0.0 0.0 0.0 0.0; 0.0 0.0 1.0 0.0 0.0 0.0 0.0 0.0 0.0 0.0; 0.0 0.0 0.0 0.0 0.0 0.0 1.0 0.0 0.0 0.0; 0.0 0.0 0.0 0.0 0.0 1.0 0.0 0.0 0.0 0.0; 0.0 0.0 0.0 0.0 0.0 0.0 1.0 0.0 0.0 0.0; 0.0 0.0 0.0 0.0 0.0 0.0 1.0 0.0 0.0 0.0; 0.0 0.0 0.0 0.0 0.0 0.0 0.0 1.0 0.0 0.0; 0.0 0.0 0.0 0.0 0.0 0.0 0.0 1.0 0.0 0.0; 0.0 0.0 0.0 0.0 0.0 1.0 0.0 0.0 0.0 0.0; 0.0 0.0 1.0 0.0 0.0 0.0 0.0 0.0 0.0 0.0; 0.0 0.0 1.0 0.0 0.0 0.0 0.0 0.0 0.0 0.0; 0.0 0.0 0.0 0.0 0.0 0.0 0.0 0.0 1.0 0.0]
y = [-0.0, -0.0, 1.0, -0.0, -0.0, 1.0, 1.0, 1.0, 1.0, -0.0]

Résultats par le problème relâché :
Valeur objectif : 572.0
x = [0.0 0.0 1.0 0.0 0.0 0.0 0.0 0.0 0.0 0.0; 0.0 0.0 0.0 0.0 0.0 0.0 1.0 0.0 0.0 0.0; 0.0 0.0 0.0 0.0 0.0 0.0 1.0 0.0 0.0 0.0; 0.0 0.0 1.0 0.0 0.0 0.0 0.0 0.0 0.0 0.0; 0.0 0.0 0.0 0.0 0.0 1.0 0.0 0.0 0.0 0.0; 0.0 0.0 0.0 0.0 0.0 0.0 0.0 1.0 0.0 0.0; 0.0 0.0 0.0 0.0 0.0 0.0 0.0 1.0 0.0 0.0; 0.0 0.0 0.0 0.0 0.0 0.0 0.0 0.0 1.0 0.0; 0.0 0.0 1.0 0.0 0.0 0.0 0.0 0.0 0.0 0.0; 0.0 0.0 1.0 0.0 0.0 0.0 0.0 0.0 0.0 0.0; 0.0 0.0 0.0 0.0 0.0 0.0 1.0 0.0 0.0 0.0; 0.0 0.0 0.0 0.0 0.0 1.0 0.0 0.0 0.0 0.0; 0.0 0.0 0.0 0.0 0.0 0.0 1.0 0.0 0.0 0.0; 0.0 0.0 0.0 0.0 0.0 0.0 1.0 0.0 0.0 0.0; 0.0 0.0 0.0 0.0 0.0 0.0 0.0 1.0 0.0 0.0; 0.0 0.0 0.0 0.0 0.0 0.0 0.0 1.0 0.0 0.0; 0.0 0.0 0.0 0.0 0.0 1.0 0.0 0.0 0.0 0.0; 0.0 0.0 1.0 0.0 0.0 0.0 0.0 0.0 0.0 0.0; 0.0 0.0 1.0 0.0 0.0 0.0 0.0 0.0 0.0 0.0; 0.0 0.0 0.0 0.0 0.0 0.0 0.0 0.0 1.0 0.0]
y = [0.0, 0.0, 1.0, 0.0, 0.0, 1.0, 1.0, 1.0, 1.0, 0.0]

Résultats par la méthode d'arrondi :
Valeur objectif : 572
x = [0 0 1 0 0 0 0 0 0 0; 0 0 0 0 0 0 1 0 0 0; 0 0 0 0 0 0 1 0 0 0; 0 0 1 0 0 0 0 0 0 0; 0 0 0 0 0 1 0 0 0 0; 0 0 0 0 0 0 0 1 0 0; 0 0 0 0 0 0 0 1 0 0; 0 0 0 0 0 0 0 0 1 0; 0 0 1 0 0 0 0 0 0 0; 0 0 1 0 0 0 0 0 0 0; 0 0 0 0 0 0 1 0 0 0; 0 0 0 0 0 1 0 0 0 0; 0 0 0 0 0 0 1 0 0 0; 0 0 0 0 0 0 1 0 0 0; 0 0 0 0 0 0 0 1 0 0; 0 0 0 0 0 0 0 1 0 0; 0 0 0 0 0 1 0 0 0 0; 0 0 1 0 0 0 0 0 0 0; 0 0 1 0 0 0 0 0 0 0; 0 0 0 0 0 0 0 0 1 0]
y = [0, 0, 1, 0, 0, 1, 1, 1, 1, 0]

Résultats par la méthode primale-duale :
Valeur objectif : 617
x = [1 0 0 0 0 0 0 0 0 0; 0 0 0 0 0 0 1 0 0 0; 0 0 0 0 0 0 1 0 0 0; 1 0 0 0 0 0 0 0 0 0; 1 0 0 0 0 0 0 0 0 0; 0 0 0 0 0 0 0 1 0 0; 0 0 0 0 0 0 0 1 0 0; 0 0 0 0 0 0 0 1 0 0; 0 0 0 0 0 0 0 1 0 0; 1 0 0 0 0 0 0 0 0 0; 0 0 0 0 0 0 1 0 0 0; 1 0 0 0 0 0 0 0 0 0; 0 0 0 0 0 0 1 0 0 0; 0 0 0 0 0 0 1 0 0 0; 0 0 0 0 0 0 0 1 0 0; 0 0 0 0 0 0 0 1 0 0; 1 0 0 0 0 0 0 0 0 0; 1 0 0 0 0 0 0 0 0 0; 1 0 0 0 0 0 0 0 0 0; 0 0 0 0 0 0 0 1 0 0]
y = [1, 0, 0, 0, 0, 0, 1, 1, 0, 0]
