L = 80
N = 20
M = 10
D = [35 52 76 89 15 64 104 90 104 83; 10 42 53 79 44 38 94 57 71 60; 69 32 112 47 57 97 62 84 98 119; 44 16 87 53 51 72 68 65 79 94; 83 80 67 94 129 61 103 28 22 67; 99 96 81 96 145 75 105 44 30 81; 87 100 49 126 133 58 135 56 54 42; 47 33 90 70 34 75 85 85 99 97; 73 23 111 14 90 96 29 65 67 118; 108 84 113 73 133 107 67 50 38 113; 94 94 56 120 140 65 129 50 48 52; 58 72 38 98 104 32 107 28 37 38; 74 27 117 38 67 102 52 79 93 124; 20 55 58 92 26 49 107 75 89 65; 105 102 91 92 151 85 101 50 36 91; 67 25 82 34 84 67 43 36 41 89; 56 81 27 107 102 27 116 37 48 27; 78 75 75 81 124 69 90 23 9 75; 89 42 132 16 105 117 21 86 88 139; 77 27 106 10 94 91 25 60 62 113]
f = [30, 31, 41, 37, 50, 41, 28, 46, 39, 36]

Résultats par la méthode exacte :
Valeur objectif : 697.0
x = [1.0 0.0 0.0 0.0 0.0 0.0 0.0 0.0 0.0 0.0; 1.0 0.0 0.0 0.0 0.0 0.0 0.0 0.0 0.0 0.0; 0.0 1.0 0.0 0.0 0.0 0.0 0.0 0.0 0.0 0.0; 0.0 1.0 0.0 0.0 0.0 0.0 0.0 0.0 0.0 0.0; 0.0 0.0 0.0 0.0 0.0 0.0 0.0 0.0 1.0 0.0; 0.0 0.0 0.0 0.0 0.0 0.0 0.0 0.0 1.0 0.0; 0.0 0.0 0.0 0.0 0.0 0.0 0.0 0.0 1.0 0.0; 0.0 1.0 0.0 0.0 0.0 0.0 0.0 0.0 0.0 0.0; 0.0 0.0 0.0 1.0 0.0 0.0 0.0 0.0 0.0 0.0; 0.0 0.0 0.0 0.0 0.0 0.0 0.0 0.0 1.0 0.0; 0.0 0.0 0.0 0.0 0.0 0.0 0.0 0.0 1.0 0.0; 0.0 0.0 0.0 0.0 0.0 0.0 0.0 0.0 1.0 0.0; 0.0 1.0 0.0 0.0 0.0 0.0 0.0 0.0 0.0 0.0; 1.0 0.0 0.0 0.0 0.0 0.0 0.0 0.0 0.0 0.0; 0.0 0.0 0.0 0.0 0.0 0.0 0.0 0.0 1.0 0.0; 0.0 1.0 0.0 0.0 0.0 0.0 0.0 0.0 0.0 0.0; 0.0 0.0 0.0 0.0 0.0 0.0 0.0 0.0 1.0 0.0; 0.0 0.0 0.0 0.0 0.0 0.0 0.0 0.0 1.0 0.0; 0.0 0.0 0.0 1.0 0.0 0.0 0.0 0.0 0.0 0.0; 0.0 0.0 0.0 1.0 0.0 0.0 0.0 0.0 0.0 0.0]
y = [1.0, 1.0, -0.0, 1.0, -0.0, -0.0, -0.0, -0.0, 1.0, -0.0]

Résultats par le problème relâché :
Valeur objectif : 697.0
x = [1.0 0.0 0.0 0.0 0.0 0.0 0.0 0.0 0.0 0.0; 1.0 0.0 0.0 0.0 0.0 0.0 0.0 0.0 0.0 0.0; 0.0 1.0 0.0 0.0 0.0 0.0 0.0 0.0 0.0 0.0; 0.0 1.0 0.0 0.0 0.0 0.0 0.0 0.0 0.0 0.0; 0.0 0.0 0.0 0.0 0.0 0.0 0.0 0.0 1.0 0.0; 0.0 0.0 0.0 0.0 0.0 0.0 0.0 0.0 1.0 0.0; 0.0 0.0 0.0 0.0 0.0 0.0 0.0 0.0 1.0 0.0; 0.0 1.0 0.0 0.0 0.0 0.0 0.0 0.0 0.0 0.0; 0.0 0.0 0.0 1.0 0.0 0.0 0.0 0.0 0.0 0.0; 0.0 0.0 0.0 0.0 0.0 0.0 0.0 0.0 1.0 0.0; 0.0 0.0 0.0 0.0 0.0 0.0 0.0 0.0 1.0 0.0; 0.0 0.0 0.0 0.0 0.0 0.0 0.0 0.0 1.0 0.0; 0.0 1.0 0.0 0.0 0.0 0.0 0.0 0.0 0.0 0.0; 1.0 0.0 0.0 0.0 0.0 0.0 0.0 0.0 0.0 0.0; 0.0 0.0 0.0 0.0 0.0 0.0 0.0 0.0 1.0 0.0; 0.0 1.0 0.0 0.0 0.0 0.0 0.0 0.0 0.0 0.0; 0.0 0.0 0.0 0.0 0.0 0.0 0.0 0.0 1.0 0.0; 0.0 0.0 0.0 0.0 0.0 0.0 0.0 0.0 1.0 0.0; 0.0 0.0 0.0 1.0 0.0 0.0 0.0 0.0 0.0 0.0; 0.0 0.0 0.0 1.0 0.0 0.0 0.0 0.0 0.0 0.0]
y = [1.0, 1.0, 0.0, 1.0, 0.0, 0.0, 0.0, 0.0, 1.0, 0.0]

Résultats par la méthode d'arrondi :
Valeur objectif : 697
x = [1 0 0 0 0 0 0 0 0 0; 1 0 0 0 0 0 0 0 0 0; 0 1 0 0 0 0 0 0 0 0; 0 1 0 0 0 0 0 0 0 0; 0 0 0 0 0 0 0 0 1 0; 0 0 0 0 0 0 0 0 1 0; 0 0 0 0 0 0 0 0 1 0; 0 1 0 0 0 0 0 0 0 0; 0 0 0 1 0 0 0 0 0 0; 0 0 0 0 0 0 0 0 1 0; 0 0 0 0 0 0 0 0 1 0; 0 0 0 0 0 0 0 0 1 0; 0 1 0 0 0 0 0 0 0 0; 1 0 0 0 0 0 0 0 0 0; 0 0 0 0 0 0 0 0 1 0; 0 1 0 0 0 0 0 0 0 0; 0 0 0 0 0 0 0 0 1 0; 0 0 0 0 0 0 0 0 1 0; 0 0 0 1 0 0 0 0 0 0; 0 0 0 1 0 0 0 0 0 0]
y = [1, 1, 0, 1, 0, 0, 0, 0, 1, 0]

Résultats par la méthode primale-duale :
Valeur objectif : 712
x = [1 0 0 0 0 0 0 0 0 0; 1 0 0 0 0 0 0 0 0 0; 0 1 0 0 0 0 0 0 0 0; 0 1 0 0 0 0 0 0 0 0; 0 0 0 0 0 0 0 0 1 0; 0 0 0 0 0 0 0 0 1 0; 0 0 0 0 0 0 0 0 1 0; 0 1 0 0 0 0 0 0 0 0; 0 1 0 0 0 0 0 0 0 0; 0 0 0 0 0 0 0 0 1 0; 0 0 0 0 0 0 0 0 1 0; 0 0 0 0 0 0 0 0 1 0; 0 1 0 0 0 0 0 0 0 0; 1 0 0 0 0 0 0 0 0 0; 0 0 0 0 0 0 0 0 1 0; 0 1 0 0 0 0 0 0 0 0; 0 0 0 0 0 0 0 0 1 0; 0 0 0 0 0 0 0 0 1 0; 0 1 0 0 0 0 0 0 0 0; 0 1 0 0 0 0 0 0 0 0]
y = [1, 1, 0, 0, 0, 0, 0, 0, 1, 0]
