L = 160
N = 20
M = 10
D = [102 100 133 54 146 53 115 81 138 123; 36 60 183 120 196 103 165 131 94 137; 185 155 40 133 39 112 50 84 121 106; 18 12 135 158 148 59 117 161 46 89; 62 92 215 114 228 135 197 163 126 169; 112 82 117 228 118 129 117 231 48 51; 113 111 154 53 167 74 136 102 149 134; 99 69 60 171 67 72 60 174 35 8; 41 71 194 115 207 114 176 142 105 148; 115 87 44 67 51 42 44 70 125 110; 55 53 168 101 181 88 150 116 91 122; 91 89 170 69 183 90 152 118 127 124; 68 38 85 134 98 35 67 137 58 43; 98 96 141 58 154 61 123 89 134 119; 19 21 140 175 153 76 122 178 51 94; 51 81 204 115 217 124 186 152 115 158; 173 171 128 61 127 116 128 14 209 194; 53 23 100 143 113 44 82 146 49 54; 56 54 157 100 170 77 139 105 92 111; 157 127 50 161 51 84 50 164 93 50]
f = [41, 44, 28, 50, 29, 32, 31, 36, 28, 40]

Résultats par la méthode exacte :
Valeur objectif : 1069.0
x = [0.0 0.0 0.0 1.0 0.0 0.0 0.0 0.0 0.0 0.0; 1.0 0.0 0.0 0.0 0.0 0.0 0.0 0.0 0.0 0.0; 0.0 0.0 1.0 0.0 0.0 0.0 0.0 0.0 0.0 0.0; 0.0 1.0 0.0 0.0 0.0 0.0 0.0 0.0 0.0 0.0; 1.0 0.0 0.0 0.0 0.0 0.0 0.0 0.0 0.0 0.0; 0.0 0.0 0.0 0.0 0.0 0.0 0.0 0.0 0.0 1.0; 0.0 0.0 0.0 1.0 0.0 0.0 0.0 0.0 0.0 0.0; 0.0 0.0 0.0 0.0 0.0 0.0 0.0 0.0 0.0 1.0; 1.0 0.0 0.0 0.0 0.0 0.0 0.0 0.0 0.0 0.0; 0.0 0.0 1.0 0.0 0.0 0.0 0.0 0.0 0.0 0.0; 0.0 1.0 0.0 0.0 0.0 0.0 0.0 0.0 0.0 0.0; 0.0 0.0 0.0 1.0 0.0 0.0 0.0 0.0 0.0 0.0; 0.0 1.0 0.0 0.0 0.0 0.0 0.0 0.0 0.0 0.0; 0.0 0.0 0.0 1.0 0.0 0.0 0.0 0.0 0.0 0.0; 1.0 0.0 0.0 0.0 0.0 0.0 0.0 0.0 0.0 0.0; 1.0 0.0 0.0 0.0 0.0 0.0 0.0 0.0 0.0 0.0; 0.0 0.0 0.0 0.0 0.0 0.0 0.0 1.0 0.0 0.0; 0.0 1.0 0.0 0.0 0.0 0.0 0.0 0.0 0.0 0.0; 0.0 1.0 0.0 0.0 0.0 0.0 0.0 0.0 0.0 0.0; 0.0 0.0 1.0 0.0 0.0 0.0 0.0 0.0 0.0 0.0]
y = [1.0, 1.0, 1.0, 1.0, -0.0, -0.0, -0.0, 1.0, -0.0, 1.0]

Résultats par le problème relâché :
Valeur objectif : 1069.0
x = [0.0 0.0 0.0 1.0 0.0 0.0 0.0 0.0 0.0 0.0; 1.0 0.0 0.0 0.0 0.0 0.0 0.0 0.0 0.0 0.0; 0.0 0.0 1.0 0.0 0.0 0.0 0.0 0.0 0.0 0.0; 0.0 1.0 0.0 0.0 0.0 0.0 0.0 0.0 0.0 0.0; 1.0 0.0 0.0 0.0 0.0 0.0 0.0 0.0 0.0 0.0; 0.0 0.0 0.0 0.0 0.0 0.0 0.0 0.0 0.0 1.0; 0.0 0.0 0.0 1.0 0.0 0.0 0.0 0.0 0.0 0.0; 0.0 0.0 0.0 0.0 0.0 0.0 0.0 0.0 0.0 1.0; 1.0 0.0 0.0 0.0 0.0 0.0 0.0 0.0 0.0 0.0; 0.0 0.0 1.0 0.0 0.0 0.0 0.0 0.0 0.0 0.0; 0.0 1.0 0.0 0.0 0.0 0.0 0.0 0.0 0.0 0.0; 0.0 0.0 0.0 1.0 0.0 0.0 0.0 0.0 0.0 0.0; 0.0 1.0 0.0 0.0 0.0 0.0 0.0 0.0 0.0 0.0; 0.0 0.0 0.0 1.0 0.0 0.0 0.0 0.0 0.0 0.0; 1.0 0.0 0.0 0.0 0.0 0.0 0.0 0.0 0.0 0.0; 1.0 0.0 0.0 0.0 0.0 0.0 0.0 0.0 0.0 0.0; 0.0 0.0 0.0 0.0 0.0 0.0 0.0 1.0 0.0 0.0; 0.0 1.0 0.0 0.0 0.0 0.0 0.0 0.0 0.0 0.0; 0.0 1.0 0.0 0.0 0.0 0.0 0.0 0.0 0.0 0.0; 0.0 0.0 1.0 0.0 0.0 0.0 0.0 0.0 0.0 0.0]
y = [1.0, 1.0, 1.0, 1.0, 0.0, 0.0, 0.0, 1.0, 0.0, 1.0]

Résultats par la méthode d'arrondi :
Valeur objectif : 1069
x = [0 0 0 1 0 0 0 0 0 0; 1 0 0 0 0 0 0 0 0 0; 0 0 1 0 0 0 0 0 0 0; 0 1 0 0 0 0 0 0 0 0; 1 0 0 0 0 0 0 0 0 0; 0 0 0 0 0 0 0 0 0 1; 0 0 0 1 0 0 0 0 0 0; 0 0 0 0 0 0 0 0 0 1; 1 0 0 0 0 0 0 0 0 0; 0 0 1 0 0 0 0 0 0 0; 0 1 0 0 0 0 0 0 0 0; 0 0 0 1 0 0 0 0 0 0; 0 1 0 0 0 0 0 0 0 0; 0 0 0 1 0 0 0 0 0 0; 1 0 0 0 0 0 0 0 0 0; 1 0 0 0 0 0 0 0 0 0; 0 0 0 0 0 0 0 1 0 0; 0 1 0 0 0 0 0 0 0 0; 0 1 0 0 0 0 0 0 0 0; 0 0 1 0 0 0 0 0 0 0]
y = [1, 1, 1, 1, 0, 0, 0, 1, 0, 1]

Résultats par la méthode primale-duale :
Valeur objectif : 1168
x = [0 0 0 1 0 0 0 0 0 0; 1 0 0 0 0 0 0 0 0 0; 0 0 1 0 0 0 0 0 0 0; 1 0 0 0 0 0 0 0 0 0; 1 0 0 0 0 0 0 0 0 0; 1 0 0 0 0 0 0 0 0 0; 0 0 0 1 0 0 0 0 0 0; 0 0 1 0 0 0 0 0 0 0; 1 0 0 0 0 0 0 0 0 0; 0 0 1 0 0 0 0 0 0 0; 1 0 0 0 0 0 0 0 0 0; 0 0 0 1 0 0 0 0 0 0; 1 0 0 0 0 0 0 0 0 0; 0 0 0 1 0 0 0 0 0 0; 1 0 0 0 0 0 0 0 0 0; 1 0 0 0 0 0 0 0 0 0; 0 0 0 0 0 0 0 1 0 0; 1 0 0 0 0 0 0 0 0 0; 1 0 0 0 0 0 0 0 0 0; 0 0 1 0 0 0 0 0 0 0]
y = [1, 0, 1, 1, 0, 0, 0, 1, 0, 0]
