L = 120
N = 20
M = 10
D = [82 44 93 57 61 73 97 3 119 86; 22 82 39 111 21 45 151 61 119 128; 64 60 61 89 29 55 129 35 101 106; 149 71 192 42 160 108 10 96 38 25; 34 96 25 125 9 59 165 71 133 142; 93 55 94 66 62 84 96 10 130 97; 34 106 23 135 17 69 175 81 143 152; 101 23 144 28 112 60 46 48 92 59; 66 144 23 173 55 107 213 119 181 190; 109 31 152 16 120 68 38 72 48 15; 64 30 91 59 59 55 99 19 101 76; 92 130 103 119 135 101 103 175 57 88; 52 130 9 159 41 93 199 105 167 176; 79 19 122 28 90 38 68 64 56 45; 42 36 85 65 53 7 105 81 73 82; 97 135 108 124 140 106 110 180 78 93; 94 132 105 121 137 103 107 177 75 90; 43 59 62 88 30 34 128 40 96 105; 86 48 91 59 59 77 99 5 123 90; 38 40 81 69 49 15 109 59 77 86]
f = [32, 31, 26, 46, 25, 37, 27, 42, 46, 38]

Résultats par la méthode exacte :
Valeur objectif : 724.0
x = [0.0 0.0 0.0 0.0 0.0 0.0 0.0 1.0 0.0 0.0; 0.0 0.0 0.0 0.0 1.0 0.0 0.0 0.0 0.0 0.0; 0.0 0.0 0.0 0.0 1.0 0.0 0.0 0.0 0.0 0.0; 0.0 0.0 0.0 0.0 0.0 0.0 1.0 0.0 0.0 0.0; 0.0 0.0 0.0 0.0 1.0 0.0 0.0 0.0 0.0 0.0; 0.0 0.0 0.0 0.0 0.0 0.0 0.0 1.0 0.0 0.0; 0.0 0.0 0.0 0.0 1.0 0.0 0.0 0.0 0.0 0.0; 0.0 1.0 0.0 0.0 0.0 0.0 0.0 0.0 0.0 0.0; 0.0 0.0 1.0 0.0 0.0 0.0 0.0 0.0 0.0 0.0; 0.0 1.0 0.0 0.0 0.0 0.0 0.0 0.0 0.0 0.0; 0.0 0.0 0.0 0.0 0.0 0.0 0.0 1.0 0.0 0.0; 0.0 0.0 0.0 0.0 0.0 0.0 0.0 0.0 1.0 0.0; 0.0 0.0 1.0 0.0 0.0 0.0 0.0 0.0 0.0 0.0; 0.0 1.0 0.0 0.0 0.0 0.0 0.0 0.0 0.0 0.0; 0.0 0.0 0.0 0.0 0.0 1.0 0.0 0.0 0.0 0.0; 0.0 0.0 0.0 0.0 0.0 0.0 0.0 0.0 1.0 0.0; 0.0 0.0 0.0 0.0 0.0 0.0 0.0 0.0 1.0 0.0; 0.0 0.0 0.0 0.0 1.0 0.0 0.0 0.0 0.0 0.0; 0.0 0.0 0.0 0.0 0.0 0.0 0.0 1.0 0.0 0.0; 0.0 0.0 0.0 0.0 0.0 1.0 0.0 0.0 0.0 0.0]
y = [-0.0, 1.0, 1.0, -0.0, 1.0, 1.0, 1.0, 1.0, 1.0, -0.0]

Résultats par le problème relâché :
Valeur objectif : 724.0
x = [0.0 0.0 0.0 0.0 0.0 0.0 0.0 1.0 0.0 0.0; 0.0 0.0 0.0 0.0 1.0 0.0 0.0 0.0 0.0 0.0; 0.0 0.0 0.0 0.0 1.0 0.0 0.0 0.0 0.0 0.0; 0.0 0.0 0.0 0.0 0.0 0.0 1.0 0.0 0.0 0.0; 0.0 0.0 0.0 0.0 1.0 0.0 0.0 0.0 0.0 0.0; 0.0 0.0 0.0 0.0 0.0 0.0 0.0 1.0 0.0 0.0; 0.0 0.0 0.0 0.0 1.0 0.0 0.0 0.0 0.0 0.0; 0.0 1.0 0.0 0.0 0.0 0.0 0.0 0.0 0.0 0.0; 0.0 0.0 1.0 0.0 0.0 0.0 0.0 0.0 0.0 0.0; 0.0 1.0 0.0 0.0 0.0 0.0 0.0 0.0 0.0 0.0; 0.0 0.0 0.0 0.0 0.0 0.0 0.0 1.0 0.0 0.0; 0.0 0.0 0.0 0.0 0.0 0.0 0.0 0.0 1.0 0.0; 0.0 0.0 1.0 0.0 0.0 0.0 0.0 0.0 0.0 0.0; 0.0 1.0 0.0 0.0 0.0 0.0 0.0 0.0 0.0 0.0; 0.0 0.0 0.0 0.0 0.0 1.0 0.0 0.0 0.0 0.0; 0.0 0.0 0.0 0.0 0.0 0.0 0.0 0.0 1.0 0.0; 0.0 0.0 0.0 0.0 0.0 0.0 0.0 0.0 1.0 0.0; 0.0 0.0 0.0 0.0 1.0 0.0 0.0 0.0 0.0 0.0; 0.0 0.0 0.0 0.0 0.0 0.0 0.0 1.0 0.0 0.0; 0.0 0.0 0.0 0.0 0.0 1.0 0.0 0.0 0.0 0.0]
y = [0.0, 1.0, 1.0, 0.0, 1.0, 1.0, 1.0, 1.0, 1.0, 0.0]

Résultats par la méthode d'arrondi :
Valeur objectif : 724
x = [0 0 0 0 0 0 0 1 0 0; 0 0 0 0 1 0 0 0 0 0; 0 0 0 0 1 0 0 0 0 0; 0 0 0 0 0 0 1 0 0 0; 0 0 0 0 1 0 0 0 0 0; 0 0 0 0 0 0 0 1 0 0; 0 0 0 0 1 0 0 0 0 0; 0 1 0 0 0 0 0 0 0 0; 0 0 1 0 0 0 0 0 0 0; 0 1 0 0 0 0 0 0 0 0; 0 0 0 0 0 0 0 1 0 0; 0 0 0 0 0 0 0 0 1 0; 0 0 1 0 0 0 0 0 0 0; 0 1 0 0 0 0 0 0 0 0; 0 0 0 0 0 1 0 0 0 0; 0 0 0 0 0 0 0 0 1 0; 0 0 0 0 0 0 0 0 1 0; 0 0 0 0 1 0 0 0 0 0; 0 0 0 0 0 0 0 1 0 0; 0 0 0 0 0 1 0 0 0 0]
y = [0, 1, 1, 0, 1, 1, 1, 1, 1, 0]

Résultats par la méthode primale-duale :
Valeur objectif : 749
x = [0 0 0 0 0 0 0 1 0 0; 0 0 1 0 0 0 0 0 0 0; 0 0 0 0 0 0 0 1 0 0; 0 0 0 0 0 0 1 0 0 0; 0 0 1 0 0 0 0 0 0 0; 0 0 0 0 0 0 0 1 0 0; 0 0 1 0 0 0 0 0 0 0; 0 1 0 0 0 0 0 0 0 0; 0 0 1 0 0 0 0 0 0 0; 0 1 0 0 0 0 0 0 0 0; 0 0 0 0 0 0 0 1 0 0; 0 0 0 0 0 0 0 0 1 0; 0 0 1 0 0 0 0 0 0 0; 0 1 0 0 0 0 0 0 0 0; 0 0 0 0 0 1 0 0 0 0; 0 0 0 0 0 0 0 0 1 0; 0 0 0 0 0 0 0 0 1 0; 0 0 0 0 0 1 0 0 0 0; 0 0 0 0 0 0 0 1 0 0; 0 0 0 0 0 1 0 0 0 0]
y = [0, 1, 1, 0, 0, 1, 1, 1, 1, 0]
