L = 40
N = 20
M = 10
D = [41 11 17 7 6 38 37 6 17 18; 9 37 17 31 38 40 9 36 51 16; 39 23 21 19 6 50 35 6 21 16; 58 14 34 20 13 35 54 15 6 35; 46 18 22 22 35 11 42 35 20 25; 39 19 17 15 6 46 35 4 19 16; 15 29 9 23 30 36 11 28 43 8; 20 24 6 18 25 23 16 23 38 11; 37 27 25 23 10 54 33 10 25 20; 55 13 31 17 10 40 51 12 11 32; 9 35 15 29 36 40 9 34 49 14; 15 29 13 23 30 20 15 28 43 18; 51 11 27 15 28 16 47 28 13 28; 32 24 26 28 41 3 28 41 26 31; 23 21 19 17 22 48 19 20 35 14; 42 28 26 24 11 55 38 11 26 21; 18 26 6 20 27 29 14 25 40 5; 35 27 29 31 44 0 31 44 29 34; 47 17 23 13 2 44 43 4 15 24; 31 25 27 29 42 4 29 42 27 32]
f = [31, 36, 41, 28, 44, 39, 26, 39, 31, 45]

Résultats par la méthode exacte :
Valeur objectif : 299.0
x = [0.0 0.0 0.0 0.0 0.0 0.0 0.0 1.0 0.0 0.0; 0.0 0.0 0.0 0.0 0.0 0.0 1.0 0.0 0.0 0.0; 0.0 0.0 0.0 0.0 0.0 0.0 0.0 1.0 0.0 0.0; 0.0 0.0 0.0 0.0 0.0 0.0 0.0 1.0 0.0 0.0; 0.0 0.0 0.0 0.0 0.0 1.0 0.0 0.0 0.0 0.0; 0.0 0.0 0.0 0.0 0.0 0.0 0.0 1.0 0.0 0.0; 0.0 0.0 0.0 0.0 0.0 0.0 1.0 0.0 0.0 0.0; 0.0 0.0 0.0 0.0 0.0 0.0 1.0 0.0 0.0 0.0; 0.0 0.0 0.0 0.0 0.0 0.0 0.0 1.0 0.0 0.0; 0.0 0.0 0.0 0.0 0.0 0.0 0.0 1.0 0.0 0.0; 0.0 0.0 0.0 0.0 0.0 0.0 1.0 0.0 0.0 0.0; 0.0 0.0 0.0 0.0 0.0 0.0 1.0 0.0 0.0 0.0; 0.0 0.0 0.0 0.0 0.0 1.0 0.0 0.0 0.0 0.0; 0.0 0.0 0.0 0.0 0.0 1.0 0.0 0.0 0.0 0.0; 0.0 0.0 0.0 0.0 0.0 0.0 1.0 0.0 0.0 0.0; 0.0 0.0 0.0 0.0 0.0 0.0 0.0 1.0 0.0 0.0; 0.0 0.0 0.0 0.0 0.0 0.0 1.0 0.0 0.0 0.0; 0.0 0.0 0.0 0.0 0.0 1.0 0.0 0.0 0.0 0.0; 0.0 0.0 0.0 0.0 0.0 0.0 0.0 1.0 0.0 0.0; 0.0 0.0 0.0 0.0 0.0 1.0 0.0 0.0 0.0 0.0]
y = [-0.0, -0.0, -0.0, -0.0, -0.0, 1.0, 1.0, 1.0, -0.0, -0.0]

Résultats par le problème relâché :
Valeur objectif : 299.0
x = [0.0 0.0 0.0 0.0 0.0 0.0 0.0 1.0 0.0 0.0; 0.0 0.0 0.0 0.0 0.0 0.0 1.0 0.0 0.0 0.0; 0.0 0.0 0.0 0.0 0.0 0.0 0.0 1.0 0.0 0.0; 0.0 0.0 0.0 0.0 0.0 0.0 0.0 1.0 0.0 0.0; 0.0 0.0 0.0 0.0 0.0 1.0 0.0 0.0 0.0 0.0; 0.0 0.0 0.0 0.0 0.0 0.0 0.0 1.0 0.0 0.0; 0.0 0.0 0.0 0.0 0.0 0.0 1.0 0.0 0.0 0.0; 0.0 0.0 0.0 0.0 0.0 0.0 1.0 0.0 0.0 0.0; 0.0 0.0 0.0 0.0 0.0 0.0 0.0 1.0 0.0 0.0; 0.0 0.0 0.0 0.0 0.0 0.0 0.0 1.0 0.0 0.0; 0.0 0.0 0.0 0.0 0.0 0.0 1.0 0.0 0.0 0.0; 0.0 0.0 0.0 0.0 0.0 0.0 1.0 0.0 0.0 0.0; 0.0 0.0 0.0 0.0 0.0 1.0 0.0 0.0 0.0 0.0; 0.0 0.0 0.0 0.0 0.0 1.0 0.0 0.0 0.0 0.0; 0.0 0.0 0.0 0.0 0.0 0.0 1.0 0.0 0.0 0.0; 0.0 0.0 0.0 0.0 0.0 0.0 0.0 1.0 0.0 0.0; 0.0 0.0 0.0 0.0 0.0 0.0 1.0 0.0 0.0 0.0; 0.0 0.0 0.0 0.0 0.0 1.0 0.0 0.0 0.0 0.0; 0.0 0.0 0.0 0.0 0.0 0.0 0.0 1.0 0.0 0.0; 0.0 0.0 0.0 0.0 0.0 1.0 0.0 0.0 0.0 0.0]
y = [0.0, 0.0, 0.0, 0.0, 0.0, 1.0, 1.0, 1.0, 0.0, 0.0]

Résultats par la méthode d'arrondi :
Valeur objectif : 299
x = [0 0 0 0 0 0 0 1 0 0; 0 0 0 0 0 0 1 0 0 0; 0 0 0 0 0 0 0 1 0 0; 0 0 0 0 0 0 0 1 0 0; 0 0 0 0 0 1 0 0 0 0; 0 0 0 0 0 0 0 1 0 0; 0 0 0 0 0 0 1 0 0 0; 0 0 0 0 0 0 1 0 0 0; 0 0 0 0 0 0 0 1 0 0; 0 0 0 0 0 0 0 1 0 0; 0 0 0 0 0 0 1 0 0 0; 0 0 0 0 0 0 1 0 0 0; 0 0 0 0 0 1 0 0 0 0; 0 0 0 0 0 1 0 0 0 0; 0 0 0 0 0 0 1 0 0 0; 0 0 0 0 0 0 0 1 0 0; 0 0 0 0 0 0 1 0 0 0; 0 0 0 0 0 1 0 0 0 0; 0 0 0 0 0 0 0 1 0 0; 0 0 0 0 0 1 0 0 0 0]
y = [0, 0, 0, 0, 0, 1, 1, 1, 0, 0]

Résultats par la méthode primale-duale :
Valeur objectif : 300
x = [0 0 0 0 1 0 0 0 0 0; 0 0 0 0 0 0 1 0 0 0; 0 0 0 0 1 0 0 0 0 0; 0 0 0 0 1 0 0 0 0 0; 0 0 0 0 0 1 0 0 0 0; 0 0 0 0 1 0 0 0 0 0; 0 0 0 0 0 0 1 0 0 0; 0 0 0 0 0 0 1 0 0 0; 0 0 0 0 1 0 0 0 0 0; 0 0 0 0 1 0 0 0 0 0; 0 0 0 0 0 0 1 0 0 0; 0 0 0 0 0 0 1 0 0 0; 0 0 0 0 0 1 0 0 0 0; 0 0 0 0 0 1 0 0 0 0; 0 0 0 0 0 0 1 0 0 0; 0 0 0 0 1 0 0 0 0 0; 0 0 0 0 0 0 1 0 0 0; 0 0 0 0 0 1 0 0 0 0; 0 0 0 0 1 0 0 0 0 0; 0 0 0 0 0 1 0 0 0 0]
y = [0, 0, 0, 0, 1, 1, 1, 0, 0, 0]
