L = 50
N = 20
M = 10
D = [59 53 35 23 50 27 3 41 58 68; 18 89 79 22 40 48 46 85 51 69; 13 87 92 51 31 49 71 85 34 64; 37 50 54 31 16 11 33 47 24 39; 74 21 20 55 50 28 30 13 58 46; 24 75 91 50 21 48 70 84 22 52; 26 61 75 41 5 32 54 68 11 38; 63 24 41 44 32 17 39 34 37 26; 79 40 2 56 70 43 31 15 78 66; 48 45 35 23 39 16 10 41 47 57; 83 72 34 45 74 47 25 47 82 87; 57 60 44 19 48 34 11 50 57 75; 32 83 73 15 50 42 40 79 61 79; 30 57 73 43 3 30 52 66 9 34; 85 25 61 78 54 49 73 48 51 21; 76 12 40 57 45 30 51 33 42 26; 67 37 12 47 58 31 22 17 66 54; 68 22 25 49 45 22 28 18 53 41; 72 15 35 53 41 26 42 28 43 31; 60 67 48 22 53 41 17 54 64 82]
f = [29, 37, 33, 39, 41, 44, 34, 45, 37, 29]

Résultats par la méthode exacte :
Valeur objectif : 480.0
x = [0.0 0.0 0.0 0.0 0.0 0.0 1.0 0.0 0.0 0.0; 1.0 0.0 0.0 0.0 0.0 0.0 0.0 0.0 0.0 0.0; 1.0 0.0 0.0 0.0 0.0 0.0 0.0 0.0 0.0 0.0; 0.0 0.0 0.0 0.0 1.0 0.0 0.0 0.0 0.0 0.0; 0.0 0.0 1.0 0.0 0.0 0.0 0.0 0.0 0.0 0.0; 0.0 0.0 0.0 0.0 1.0 0.0 0.0 0.0 0.0 0.0; 0.0 0.0 0.0 0.0 1.0 0.0 0.0 0.0 0.0 0.0; 0.0 1.0 0.0 0.0 0.0 0.0 0.0 0.0 0.0 0.0; 0.0 0.0 1.0 0.0 0.0 0.0 0.0 0.0 0.0 0.0; 0.0 0.0 0.0 0.0 0.0 0.0 1.0 0.0 0.0 0.0; 0.0 0.0 0.0 0.0 0.0 0.0 1.0 0.0 0.0 0.0; 0.0 0.0 0.0 0.0 0.0 0.0 1.0 0.0 0.0 0.0; 1.0 0.0 0.0 0.0 0.0 0.0 0.0 0.0 0.0 0.0; 0.0 0.0 0.0 0.0 1.0 0.0 0.0 0.0 0.0 0.0; 0.0 1.0 0.0 0.0 0.0 0.0 0.0 0.0 0.0 0.0; 0.0 1.0 0.0 0.0 0.0 0.0 0.0 0.0 0.0 0.0; 0.0 0.0 1.0 0.0 0.0 0.0 0.0 0.0 0.0 0.0; 0.0 1.0 0.0 0.0 0.0 0.0 0.0 0.0 0.0 0.0; 0.0 1.0 0.0 0.0 0.0 0.0 0.0 0.0 0.0 0.0; 0.0 0.0 0.0 0.0 0.0 0.0 1.0 0.0 0.0 0.0]
y = [1.0, 1.0, 1.0, -0.0, 1.0, -0.0, 1.0, -0.0, -0.0, -0.0]

Résultats par le problème relâché :
Valeur objectif : 480.0
x = [0.0 0.0 0.0 0.0 0.0 0.0 1.0 0.0 0.0 0.0; 1.0 0.0 0.0 0.0 0.0 0.0 0.0 0.0 0.0 0.0; 1.0 0.0 0.0 0.0 0.0 0.0 0.0 0.0 0.0 0.0; 0.0 0.0 0.0 0.0 1.0 0.0 0.0 0.0 0.0 0.0; 0.0 0.0 1.0 0.0 0.0 0.0 0.0 0.0 0.0 0.0; 0.0 0.0 0.0 0.0 1.0 0.0 0.0 0.0 0.0 0.0; 0.0 0.0 0.0 0.0 1.0 0.0 0.0 0.0 0.0 0.0; 0.0 1.0 0.0 0.0 0.0 0.0 0.0 0.0 0.0 0.0; 0.0 0.0 1.0 0.0 0.0 0.0 0.0 0.0 0.0 0.0; 0.0 0.0 0.0 0.0 0.0 0.0 1.0 0.0 0.0 0.0; 0.0 0.0 0.0 0.0 0.0 0.0 1.0 0.0 0.0 0.0; 0.0 0.0 0.0 0.0 0.0 0.0 1.0 0.0 0.0 0.0; 1.0 0.0 0.0 0.0 0.0 0.0 0.0 0.0 0.0 0.0; 0.0 0.0 0.0 0.0 1.0 0.0 0.0 0.0 0.0 0.0; 0.0 1.0 0.0 0.0 0.0 0.0 0.0 0.0 0.0 0.0; 0.0 1.0 0.0 0.0 0.0 0.0 0.0 0.0 0.0 0.0; 0.0 0.0 1.0 0.0 0.0 0.0 0.0 0.0 0.0 0.0; 0.0 1.0 0.0 0.0 0.0 0.0 0.0 0.0 0.0 0.0; 0.0 1.0 0.0 0.0 0.0 0.0 0.0 0.0 0.0 0.0; 0.0 0.0 0.0 0.0 0.0 0.0 1.0 0.0 0.0 0.0]
y = [1.0, 1.0, 1.0, 0.0, 1.0, 0.0, 1.0, 0.0, 0.0, 0.0]

Résultats par la méthode d'arrondi :
Valeur objectif : 480
x = [0 0 0 0 0 0 1 0 0 0; 1 0 0 0 0 0 0 0 0 0; 1 0 0 0 0 0 0 0 0 0; 0 0 0 0 1 0 0 0 0 0; 0 0 1 0 0 0 0 0 0 0; 0 0 0 0 1 0 0 0 0 0; 0 0 0 0 1 0 0 0 0 0; 0 1 0 0 0 0 0 0 0 0; 0 0 1 0 0 0 0 0 0 0; 0 0 0 0 0 0 1 0 0 0; 0 0 0 0 0 0 1 0 0 0; 0 0 0 0 0 0 1 0 0 0; 1 0 0 0 0 0 0 0 0 0; 0 0 0 0 1 0 0 0 0 0; 0 1 0 0 0 0 0 0 0 0; 0 1 0 0 0 0 0 0 0 0; 0 0 1 0 0 0 0 0 0 0; 0 1 0 0 0 0 0 0 0 0; 0 1 0 0 0 0 0 0 0 0; 0 0 0 0 0 0 1 0 0 0]
y = [1, 1, 1, 0, 1, 0, 1, 0, 0, 0]

Résultats par la méthode primale-duale :
Valeur objectif : 487
x = [0 0 0 0 0 0 1 0 0 0; 1 0 0 0 0 0 0 0 0 0; 1 0 0 0 0 0 0 0 0 0; 0 0 0 0 1 0 0 0 0 0; 0 1 0 0 0 0 0 0 0 0; 0 0 0 0 1 0 0 0 0 0; 0 0 0 0 1 0 0 0 0 0; 0 1 0 0 0 0 0 0 0 0; 0 0 0 0 0 0 1 0 0 0; 0 0 0 0 0 0 1 0 0 0; 0 0 0 0 0 0 1 0 0 0; 0 0 0 0 0 0 1 0 0 0; 1 0 0 0 0 0 0 0 0 0; 0 0 0 0 1 0 0 0 0 0; 0 1 0 0 0 0 0 0 0 0; 0 1 0 0 0 0 0 0 0 0; 0 0 0 0 0 0 1 0 0 0; 0 1 0 0 0 0 0 0 0 0; 0 1 0 0 0 0 0 0 0 0; 0 0 0 0 0 0 1 0 0 0]
y = [1, 1, 0, 0, 1, 0, 1, 0, 0, 0]
