L = 60
N = 20
M = 10
D = [52 37 59 40 58 55 58 38 36 31; 26 21 43 24 32 29 42 22 10 29; 39 46 68 49 13 38 67 47 21 18; 36 43 65 46 10 35 64 44 22 27; 24 31 53 34 20 23 52 32 6 19; 10 27 43 42 24 7 44 24 26 41; 59 42 48 29 65 62 47 45 43 38; 9 16 38 31 17 8 37 17 15 34; 34 51 67 66 28 31 68 48 50 55; 39 46 68 49 13 38 67 47 21 22; 18 25 47 40 8 17 46 26 24 29; 38 37 59 40 44 41 58 38 22 17; 10 9 25 24 36 11 26 6 28 53; 37 36 58 39 43 40 57 37 21 16; 46 29 17 14 52 49 16 32 30 55; 5 12 28 27 27 8 29 9 19 44; 48 31 29 16 54 51 28 34 32 43; 44 27 33 14 50 47 32 30 28 39; 64 71 93 74 38 63 92 72 46 21; 38 21 33 14 44 41 32 24 22 39]
f = [45, 45, 42, 25, 42, 42, 43, 42, 35, 27]

Résultats par la méthode exacte :
Valeur objectif : 457.0
x = [0.0 0.0 0.0 0.0 0.0 0.0 0.0 0.0 0.0 1.0; 0.0 0.0 0.0 1.0 0.0 0.0 0.0 0.0 0.0 0.0; 0.0 0.0 0.0 0.0 1.0 0.0 0.0 0.0 0.0 0.0; 0.0 0.0 0.0 0.0 1.0 0.0 0.0 0.0 0.0 0.0; 0.0 0.0 0.0 0.0 0.0 0.0 0.0 0.0 0.0 1.0; 0.0 0.0 0.0 0.0 0.0 1.0 0.0 0.0 0.0 0.0; 0.0 0.0 0.0 1.0 0.0 0.0 0.0 0.0 0.0 0.0; 0.0 0.0 0.0 0.0 0.0 1.0 0.0 0.0 0.0 0.0; 0.0 0.0 0.0 0.0 1.0 0.0 0.0 0.0 0.0 0.0; 0.0 0.0 0.0 0.0 1.0 0.0 0.0 0.0 0.0 0.0; 0.0 0.0 0.0 0.0 1.0 0.0 0.0 0.0 0.0 0.0; 0.0 0.0 0.0 0.0 0.0 0.0 0.0 0.0 0.0 1.0; 0.0 0.0 0.0 0.0 0.0 1.0 0.0 0.0 0.0 0.0; 0.0 0.0 0.0 0.0 0.0 0.0 0.0 0.0 0.0 1.0; 0.0 0.0 0.0 1.0 0.0 0.0 0.0 0.0 0.0 0.0; 0.0 0.0 0.0 0.0 0.0 1.0 0.0 0.0 0.0 0.0; 0.0 0.0 0.0 1.0 0.0 0.0 0.0 0.0 0.0 0.0; 0.0 0.0 0.0 1.0 0.0 0.0 0.0 0.0 0.0 0.0; 0.0 0.0 0.0 0.0 0.0 0.0 0.0 0.0 0.0 1.0; 0.0 0.0 0.0 1.0 0.0 0.0 0.0 0.0 0.0 0.0]
y = [-0.0, -0.0, -0.0, 1.0, 1.0, 1.0, -0.0, -0.0, -0.0, 1.0]

Résultats par le problème relâché :
Valeur objectif : 457.0
x = [0.0 0.0 0.0 0.0 0.0 0.0 0.0 0.0 0.0 1.0; 0.0 0.0 0.0 1.0 0.0 0.0 0.0 0.0 0.0 0.0; 0.0 0.0 0.0 0.0 1.0 0.0 0.0 0.0 0.0 0.0; 0.0 0.0 0.0 0.0 1.0 0.0 0.0 0.0 0.0 0.0; 0.0 0.0 0.0 0.0 0.0 0.0 0.0 0.0 0.0 1.0; 0.0 0.0 0.0 0.0 0.0 1.0 0.0 0.0 0.0 0.0; 0.0 0.0 0.0 1.0 0.0 0.0 0.0 0.0 0.0 0.0; 0.0 0.0 0.0 0.0 0.0 1.0 0.0 0.0 0.0 0.0; 0.0 0.0 0.0 0.0 1.0 0.0 0.0 0.0 0.0 0.0; 0.0 0.0 0.0 0.0 1.0 0.0 0.0 0.0 0.0 0.0; 0.0 0.0 0.0 0.0 1.0 0.0 0.0 0.0 0.0 0.0; 0.0 0.0 0.0 0.0 0.0 0.0 0.0 0.0 0.0 1.0; 0.0 0.0 0.0 0.0 0.0 1.0 0.0 0.0 0.0 0.0; 0.0 0.0 0.0 0.0 0.0 0.0 0.0 0.0 0.0 1.0; 0.0 0.0 0.0 1.0 0.0 0.0 0.0 0.0 0.0 0.0; 0.0 0.0 0.0 0.0 0.0 1.0 0.0 0.0 0.0 0.0; 0.0 0.0 0.0 1.0 0.0 0.0 0.0 0.0 0.0 0.0; 0.0 0.0 0.0 1.0 0.0 0.0 0.0 0.0 0.0 0.0; 0.0 0.0 0.0 0.0 0.0 0.0 0.0 0.0 0.0 1.0; 0.0 0.0 0.0 1.0 0.0 0.0 0.0 0.0 0.0 0.0]
y = [0.0, 0.0, 0.0, 1.0, 1.0, 1.0, 0.0, 0.0, 0.0, 1.0]

Résultats par la méthode d'arrondi :
Valeur objectif : 457
x = [0 0 0 0 0 0 0 0 0 1; 0 0 0 1 0 0 0 0 0 0; 0 0 0 0 1 0 0 0 0 0; 0 0 0 0 1 0 0 0 0 0; 0 0 0 0 0 0 0 0 0 1; 0 0 0 0 0 1 0 0 0 0; 0 0 0 1 0 0 0 0 0 0; 0 0 0 0 0 1 0 0 0 0; 0 0 0 0 1 0 0 0 0 0; 0 0 0 0 1 0 0 0 0 0; 0 0 0 0 1 0 0 0 0 0; 0 0 0 0 0 0 0 0 0 1; 0 0 0 0 0 1 0 0 0 0; 0 0 0 0 0 0 0 0 0 1; 0 0 0 1 0 0 0 0 0 0; 0 0 0 0 0 1 0 0 0 0; 0 0 0 1 0 0 0 0 0 0; 0 0 0 1 0 0 0 0 0 0; 0 0 0 0 0 0 0 0 0 1; 0 0 0 1 0 0 0 0 0 0]
y = [0, 0, 0, 1, 1, 1, 0, 0, 0, 1]

Résultats par la méthode primale-duale :
Valeur objectif : 519
x = [0 0 0 1 0 0 0 0 0 0; 0 0 0 1 0 0 0 0 0 0; 0 0 0 0 1 0 0 0 0 0; 0 0 0 0 1 0 0 0 0 0; 0 0 0 0 1 0 0 0 0 0; 0 0 0 0 1 0 0 0 0 0; 0 0 0 1 0 0 0 0 0 0; 0 0 0 0 1 0 0 0 0 0; 0 0 0 0 1 0 0 0 0 0; 0 0 0 0 1 0 0 0 0 0; 0 0 0 0 1 0 0 0 0 0; 0 0 0 1 0 0 0 0 0 0; 0 0 0 1 0 0 0 0 0 0; 0 0 0 1 0 0 0 0 0 0; 0 0 0 1 0 0 0 0 0 0; 0 0 0 1 0 0 0 0 0 0; 0 0 0 1 0 0 0 0 0 0; 0 0 0 1 0 0 0 0 0 0; 0 0 0 0 1 0 0 0 0 0; 0 0 0 1 0 0 0 0 0 0]
y = [0, 0, 0, 1, 1, 0, 0, 0, 0, 0]
