L = 60
N = 20
M = 10
D = [69 22 79 67 90 83 28 55 72 14; 62 15 72 63 94 94 21 58 76 23; 63 16 73 61 91 90 22 55 73 20; 51 95 56 45 49 69 95 49 31 105; 52 20 62 50 67 77 26 38 49 31; 84 84 89 78 26 16 90 71 58 66; 91 91 96 85 32 18 97 78 67 65; 55 8 65 59 90 97 14 54 72 28; 61 83 66 55 27 47 83 48 27 93; 81 88 86 75 12 32 88 68 47 98; 63 31 73 61 67 66 37 49 49 25; 58 21 63 62 108 118 15 57 75 47; 55 86 60 49 36 56 86 42 22 96; 46 73 51 40 41 52 73 33 12 83; 48 95 44 44 61 81 95 49 31 105; 46 81 51 40 41 60 81 35 17 91; 60 69 65 54 27 37 69 47 26 79; 1 47 11 5 86 96 47 13 33 82; 26 30 31 30 96 106 24 25 43 66; 7 54 3 9 89 99 52 21 36 90]
f = [36, 40, 25, 27, 26, 35, 28, 26, 37, 30]

Résultats par la méthode exacte :
Valeur objectif : 541.0
x = [0.0 1.0 0.0 0.0 0.0 0.0 0.0 0.0 0.0 0.0; 0.0 1.0 0.0 0.0 0.0 0.0 0.0 0.0 0.0 0.0; 0.0 1.0 0.0 0.0 0.0 0.0 0.0 0.0 0.0 0.0; 0.0 0.0 0.0 0.0 0.0 0.0 0.0 0.0 1.0 0.0; 0.0 1.0 0.0 0.0 0.0 0.0 0.0 0.0 0.0 0.0; 0.0 0.0 0.0 0.0 1.0 0.0 0.0 0.0 0.0 0.0; 0.0 0.0 0.0 0.0 1.0 0.0 0.0 0.0 0.0 0.0; 0.0 1.0 0.0 0.0 0.0 0.0 0.0 0.0 0.0 0.0; 0.0 0.0 0.0 0.0 1.0 0.0 0.0 0.0 0.0 0.0; 0.0 0.0 0.0 0.0 1.0 0.0 0.0 0.0 0.0 0.0; 0.0 1.0 0.0 0.0 0.0 0.0 0.0 0.0 0.0 0.0; 0.0 1.0 0.0 0.0 0.0 0.0 0.0 0.0 0.0 0.0; 0.0 0.0 0.0 0.0 0.0 0.0 0.0 0.0 1.0 0.0; 0.0 0.0 0.0 0.0 0.0 0.0 0.0 0.0 1.0 0.0; 0.0 0.0 0.0 0.0 0.0 0.0 0.0 0.0 1.0 0.0; 0.0 0.0 0.0 0.0 0.0 0.0 0.0 0.0 1.0 0.0; 0.0 0.0 0.0 0.0 0.0 0.0 0.0 0.0 1.0 0.0; 0.0 0.0 1.0 0.0 0.0 0.0 0.0 0.0 0.0 0.0; 0.0 1.0 0.0 0.0 0.0 0.0 0.0 0.0 0.0 0.0; 0.0 0.0 1.0 0.0 0.0 0.0 0.0 0.0 0.0 0.0]
y = [-0.0, 1.0, 1.0, -0.0, 1.0, -0.0, -0.0, -0.0, 1.0, -0.0]

Résultats par le problème relâché :
Valeur objectif : 541.0
x = [0.0 1.0 0.0 0.0 0.0 0.0 0.0 0.0 0.0 0.0; 0.0 1.0 0.0 0.0 0.0 0.0 0.0 0.0 0.0 0.0; 0.0 1.0 0.0 0.0 0.0 0.0 0.0 0.0 0.0 0.0; 0.0 0.0 0.0 0.0 0.0 0.0 0.0 0.0 1.0 0.0; 0.0 1.0 0.0 0.0 0.0 0.0 0.0 0.0 0.0 0.0; 0.0 0.0 0.0 0.0 1.0 0.0 0.0 0.0 0.0 0.0; 0.0 0.0 0.0 0.0 1.0 0.0 0.0 0.0 0.0 0.0; 0.0 1.0 0.0 0.0 0.0 0.0 0.0 0.0 0.0 0.0; 0.0 0.0 0.0 0.0 1.0 0.0 0.0 0.0 0.0 0.0; 0.0 0.0 0.0 0.0 1.0 0.0 0.0 0.0 0.0 0.0; 0.0 1.0 0.0 0.0 0.0 0.0 0.0 0.0 0.0 0.0; 0.0 1.0 0.0 0.0 0.0 0.0 0.0 0.0 0.0 0.0; 0.0 0.0 0.0 0.0 0.0 0.0 0.0 0.0 1.0 0.0; 0.0 0.0 0.0 0.0 0.0 0.0 0.0 0.0 1.0 0.0; 0.0 0.0 0.0 0.0 0.0 0.0 0.0 0.0 1.0 0.0; 0.0 0.0 0.0 0.0 0.0 0.0 0.0 0.0 1.0 0.0; 0.0 0.0 0.0 0.0 0.0 0.0 0.0 0.0 1.0 0.0; 0.0 0.0 1.0 0.0 0.0 0.0 0.0 0.0 0.0 0.0; 0.0 1.0 0.0 0.0 0.0 0.0 0.0 0.0 0.0 0.0; 0.0 0.0 1.0 0.0 0.0 0.0 0.0 0.0 0.0 0.0]
y = [0.0, 1.0, 1.0, 0.0, 1.0, 0.0, 0.0, 0.0, 1.0, 0.0]

Résultats par la méthode d'arrondi :
Valeur objectif : 541
x = [0 1 0 0 0 0 0 0 0 0; 0 1 0 0 0 0 0 0 0 0; 0 1 0 0 0 0 0 0 0 0; 0 0 0 0 0 0 0 0 1 0; 0 1 0 0 0 0 0 0 0 0; 0 0 0 0 1 0 0 0 0 0; 0 0 0 0 1 0 0 0 0 0; 0 1 0 0 0 0 0 0 0 0; 0 0 0 0 1 0 0 0 0 0; 0 0 0 0 1 0 0 0 0 0; 0 1 0 0 0 0 0 0 0 0; 0 1 0 0 0 0 0 0 0 0; 0 0 0 0 0 0 0 0 1 0; 0 0 0 0 0 0 0 0 1 0; 0 0 0 0 0 0 0 0 1 0; 0 0 0 0 0 0 0 0 1 0; 0 0 0 0 0 0 0 0 1 0; 0 0 1 0 0 0 0 0 0 0; 0 1 0 0 0 0 0 0 0 0; 0 0 1 0 0 0 0 0 0 0]
y = [0, 1, 1, 0, 1, 0, 0, 0, 1, 0]

Résultats par la méthode primale-duale :
Valeur objectif : 603
x = [0 1 0 0 0 0 0 0 0 0; 0 1 0 0 0 0 0 0 0 0; 0 1 0 0 0 0 0 0 0 0; 0 0 0 0 1 0 0 0 0 0; 0 1 0 0 0 0 0 0 0 0; 0 0 0 0 1 0 0 0 0 0; 0 0 0 0 1 0 0 0 0 0; 0 1 0 0 0 0 0 0 0 0; 0 0 0 0 1 0 0 0 0 0; 0 0 0 0 1 0 0 0 0 0; 0 1 0 0 0 0 0 0 0 0; 0 1 0 0 0 0 0 0 0 0; 0 0 0 0 1 0 0 0 0 0; 0 0 0 0 1 0 0 0 0 0; 0 0 1 0 0 0 0 0 0 0; 0 0 0 0 1 0 0 0 0 0; 0 0 0 0 1 0 0 0 0 0; 0 0 1 0 0 0 0 0 0 0; 0 1 0 0 0 0 0 0 0 0; 0 0 1 0 0 0 0 0 0 0]
y = [0, 1, 1, 0, 1, 0, 0, 0, 0, 0]
