L = 100
N = 20
M = 10
D = [130 99 113 80 131 120 150 47 115 31; 85 107 39 122 36 80 58 84 85 111; 64 116 30 131 48 101 79 93 106 99; 101 67 79 82 63 64 79 44 69 87; 113 56 96 65 80 60 90 27 63 76; 91 127 94 108 120 129 139 75 134 27; 116 143 60 158 31 91 39 125 101 178; 86 130 30 145 12 79 57 107 88 135; 85 136 97 117 123 138 142 84 143 30; 169 91 113 125 71 37 26 120 43 173; 131 45 101 60 85 41 71 42 39 98; 50 165 89 146 115 167 145 113 172 67; 97 163 58 178 33 111 59 140 121 179; 44 132 26 147 54 121 99 109 126 95; 189 42 172 11 156 96 130 49 91 114; 182 69 165 35 149 123 153 42 118 80; 117 58 88 73 72 48 72 41 53 94; 183 77 166 43 150 131 161 48 126 73; 122 96 105 77 120 109 139 44 104 34; 139 107 122 88 148 137 167 55 132 24]
f = [31, 39, 32, 47, 42, 34, 27, 39, 34, 41]

Résultats par la méthode exacte :
Valeur objectif : 878.0
x = [0.0 0.0 0.0 0.0 0.0 0.0 0.0 0.0 0.0 1.0; 0.0 0.0 0.0 0.0 1.0 0.0 0.0 0.0 0.0 0.0; 0.0 0.0 1.0 0.0 0.0 0.0 0.0 0.0 0.0 0.0; 0.0 0.0 0.0 0.0 0.0 0.0 0.0 1.0 0.0 0.0; 0.0 0.0 0.0 0.0 0.0 0.0 0.0 1.0 0.0 0.0; 0.0 0.0 0.0 0.0 0.0 0.0 0.0 0.0 0.0 1.0; 0.0 0.0 0.0 0.0 1.0 0.0 0.0 0.0 0.0 0.0; 0.0 0.0 0.0 0.0 1.0 0.0 0.0 0.0 0.0 0.0; 0.0 0.0 0.0 0.0 0.0 0.0 0.0 0.0 0.0 1.0; 0.0 0.0 0.0 0.0 0.0 0.0 1.0 0.0 0.0 0.0; 0.0 0.0 0.0 0.0 0.0 0.0 0.0 1.0 0.0 0.0; 0.0 0.0 0.0 0.0 0.0 0.0 0.0 0.0 0.0 1.0; 0.0 0.0 0.0 0.0 1.0 0.0 0.0 0.0 0.0 0.0; 0.0 0.0 1.0 0.0 0.0 0.0 0.0 0.0 0.0 0.0; 0.0 0.0 0.0 1.0 0.0 0.0 0.0 0.0 0.0 0.0; 0.0 0.0 0.0 1.0 0.0 0.0 0.0 0.0 0.0 0.0; 0.0 0.0 0.0 0.0 0.0 0.0 0.0 1.0 0.0 0.0; 0.0 0.0 0.0 1.0 0.0 0.0 0.0 0.0 0.0 0.0; 0.0 0.0 0.0 0.0 0.0 0.0 0.0 0.0 0.0 1.0; 0.0 0.0 0.0 0.0 0.0 0.0 0.0 0.0 0.0 1.0]
y = [-0.0, -0.0, 1.0, 1.0, 1.0, -0.0, 1.0, 1.0, -0.0, 1.0]

Résultats par le problème relâché :
Valeur objectif : 878.0
x = [0.0 0.0 0.0 0.0 0.0 0.0 0.0 0.0 0.0 1.0; 0.0 0.0 0.0 0.0 1.0 0.0 0.0 0.0 0.0 0.0; 0.0 0.0 1.0 0.0 0.0 0.0 0.0 0.0 0.0 0.0; 0.0 0.0 0.0 0.0 0.0 0.0 0.0 1.0 0.0 0.0; 0.0 0.0 0.0 0.0 0.0 0.0 0.0 1.0 0.0 0.0; 0.0 0.0 0.0 0.0 0.0 0.0 0.0 0.0 0.0 1.0; 0.0 0.0 0.0 0.0 1.0 0.0 0.0 0.0 0.0 0.0; 0.0 0.0 0.0 0.0 1.0 0.0 0.0 0.0 0.0 0.0; 0.0 0.0 0.0 0.0 0.0 0.0 0.0 0.0 0.0 1.0; 0.0 0.0 0.0 0.0 0.0 0.0 1.0 0.0 0.0 0.0; 0.0 0.0 0.0 0.0 0.0 0.0 0.0 1.0 0.0 0.0; 0.0 0.0 0.0 0.0 0.0 0.0 0.0 0.0 0.0 1.0; 0.0 0.0 0.0 0.0 1.0 0.0 0.0 0.0 0.0 0.0; 0.0 0.0 1.0 0.0 0.0 0.0 0.0 0.0 0.0 0.0; 0.0 0.0 0.0 1.0 0.0 0.0 0.0 0.0 0.0 0.0; 0.0 0.0 0.0 1.0 0.0 0.0 0.0 0.0 0.0 0.0; 0.0 0.0 0.0 0.0 0.0 0.0 0.0 1.0 0.0 0.0; 0.0 0.0 0.0 1.0 0.0 0.0 0.0 0.0 0.0 0.0; 0.0 0.0 0.0 0.0 0.0 0.0 0.0 0.0 0.0 1.0; 0.0 0.0 0.0 0.0 0.0 0.0 0.0 0.0 0.0 1.0]
y = [0.0, 0.0, 1.0, 1.0, 1.0, 0.0, 1.0, 1.0, 0.0, 1.0]

Résultats par la méthode d'arrondi :
Valeur objectif : 878
x = [0 0 0 0 0 0 0 0 0 1; 0 0 0 0 1 0 0 0 0 0; 0 0 1 0 0 0 0 0 0 0; 0 0 0 0 0 0 0 1 0 0; 0 0 0 0 0 0 0 1 0 0; 0 0 0 0 0 0 0 0 0 1; 0 0 0 0 1 0 0 0 0 0; 0 0 0 0 1 0 0 0 0 0; 0 0 0 0 0 0 0 0 0 1; 0 0 0 0 0 0 1 0 0 0; 0 0 0 0 0 0 0 1 0 0; 0 0 0 0 0 0 0 0 0 1; 0 0 0 0 1 0 0 0 0 0; 0 0 1 0 0 0 0 0 0 0; 0 0 0 1 0 0 0 0 0 0; 0 0 0 1 0 0 0 0 0 0; 0 0 0 0 0 0 0 1 0 0; 0 0 0 1 0 0 0 0 0 0; 0 0 0 0 0 0 0 0 0 1; 0 0 0 0 0 0 0 0 0 1]
y = [0, 0, 1, 1, 1, 0, 1, 1, 0, 1]

Résultats par la méthode primale-duale :
Valeur objectif : 973
x = [0 0 0 0 0 0 0 0 0 1; 0 0 1 0 0 0 0 0 0 0; 0 0 1 0 0 0 0 0 0 0; 0 0 1 0 0 0 0 0 0 0; 0 0 0 1 0 0 0 0 0 0; 0 0 0 0 0 0 0 0 0 1; 0 0 0 0 0 0 1 0 0 0; 0 0 1 0 0 0 0 0 0 0; 0 0 0 0 0 0 0 0 0 1; 0 0 0 0 0 0 1 0 0 0; 0 0 0 1 0 0 0 0 0 0; 0 0 0 0 0 0 0 0 0 1; 0 0 1 0 0 0 0 0 0 0; 0 0 1 0 0 0 0 0 0 0; 0 0 0 1 0 0 0 0 0 0; 0 0 0 1 0 0 0 0 0 0; 0 0 0 0 0 0 1 0 0 0; 0 0 0 1 0 0 0 0 0 0; 0 0 0 0 0 0 0 0 0 1; 0 0 0 0 0 0 0 0 0 1]
y = [0, 0, 1, 1, 0, 0, 1, 0, 0, 1]
