L = 140
N = 20
M = 10
D = [28 22 74 229 241 132 15 154 144 158; 145 159 115 126 138 29 136 161 65 115; 90 96 58 111 123 154 103 36 108 58; 128 142 98 101 105 16 133 144 48 98; 143 149 97 64 70 163 156 21 117 67; 130 136 84 71 83 72 143 70 26 24; 104 118 74 105 117 22 109 120 24 74; 107 113 121 118 114 217 120 75 171 121; 80 94 50 185 197 88 71 110 100 114; 43 57 13 162 174 83 52 87 77 91; 184 190 138 23 29 80 197 66 68 54; 212 218 166 21 17 120 225 86 96 82; 160 166 114 67 63 166 173 34 120 70; 62 76 32 151 163 64 63 78 66 80; 53 39 83 172 184 179 62 97 133 101; 57 63 25 144 156 121 70 69 75 73; 133 139 87 72 80 29 146 115 19 69; 114 120 68 87 99 54 127 88 8 42; 145 151 99 60 68 159 158 19 113 63; 81 87 103 120 132 199 94 57 153 103]
f = [49, 48, 34, 45, 32, 28, 35, 41, 26, 49]

Résultats par la méthode exacte :
Valeur objectif : 798.0
x = [0.0 1.0 0.0 0.0 0.0 0.0 0.0 0.0 0.0 0.0; 0.0 0.0 0.0 0.0 0.0 1.0 0.0 0.0 0.0 0.0; 0.0 0.0 0.0 0.0 0.0 0.0 0.0 1.0 0.0 0.0; 0.0 0.0 0.0 0.0 0.0 1.0 0.0 0.0 0.0 0.0; 0.0 0.0 0.0 0.0 0.0 0.0 0.0 1.0 0.0 0.0; 0.0 0.0 0.0 0.0 0.0 0.0 0.0 0.0 1.0 0.0; 0.0 0.0 0.0 0.0 0.0 1.0 0.0 0.0 0.0 0.0; 0.0 0.0 0.0 0.0 0.0 0.0 0.0 1.0 0.0 0.0; 0.0 0.0 1.0 0.0 0.0 0.0 0.0 0.0 0.0 0.0; 0.0 0.0 1.0 0.0 0.0 0.0 0.0 0.0 0.0 0.0; 0.0 0.0 0.0 0.0 1.0 0.0 0.0 0.0 0.0 0.0; 0.0 0.0 0.0 0.0 1.0 0.0 0.0 0.0 0.0 0.0; 0.0 0.0 0.0 0.0 0.0 0.0 0.0 1.0 0.0 0.0; 0.0 0.0 1.0 0.0 0.0 0.0 0.0 0.0 0.0 0.0; 0.0 1.0 0.0 0.0 0.0 0.0 0.0 0.0 0.0 0.0; 0.0 0.0 1.0 0.0 0.0 0.0 0.0 0.0 0.0 0.0; 0.0 0.0 0.0 0.0 0.0 0.0 0.0 0.0 1.0 0.0; 0.0 0.0 0.0 0.0 0.0 0.0 0.0 0.0 1.0 0.0; 0.0 0.0 0.0 0.0 0.0 0.0 0.0 1.0 0.0 0.0; 0.0 0.0 0.0 0.0 0.0 0.0 0.0 1.0 0.0 0.0]
y = [-0.0, 1.0, 1.0, -0.0, 1.0, 1.0, -0.0, 1.0, 1.0, -0.0]

Résultats par le problème relâché :
Valeur objectif : 798.0
x = [0.0 1.0 0.0 0.0 0.0 0.0 0.0 0.0 0.0 0.0; 0.0 0.0 0.0 0.0 0.0 1.0 0.0 0.0 0.0 0.0; 0.0 0.0 0.0 0.0 0.0 0.0 0.0 1.0 0.0 0.0; 0.0 0.0 0.0 0.0 0.0 1.0 0.0 0.0 0.0 0.0; 0.0 0.0 0.0 0.0 0.0 0.0 0.0 1.0 0.0 0.0; 0.0 0.0 0.0 0.0 0.0 0.0 0.0 0.0 1.0 0.0; 0.0 0.0 0.0 0.0 0.0 1.0 0.0 0.0 0.0 0.0; 0.0 0.0 0.0 0.0 0.0 0.0 0.0 1.0 0.0 0.0; 0.0 0.0 1.0 0.0 0.0 0.0 0.0 0.0 0.0 0.0; 0.0 0.0 1.0 0.0 0.0 0.0 0.0 0.0 0.0 0.0; 0.0 0.0 0.0 0.0 1.0 0.0 0.0 0.0 0.0 0.0; 0.0 0.0 0.0 0.0 1.0 0.0 0.0 0.0 0.0 0.0; 0.0 0.0 0.0 0.0 0.0 0.0 0.0 1.0 0.0 0.0; 0.0 0.0 1.0 0.0 0.0 0.0 0.0 0.0 0.0 0.0; 0.0 1.0 0.0 0.0 0.0 0.0 0.0 0.0 0.0 0.0; 0.0 0.0 1.0 0.0 0.0 0.0 0.0 0.0 0.0 0.0; 0.0 0.0 0.0 0.0 0.0 0.0 0.0 0.0 1.0 0.0; 0.0 0.0 0.0 0.0 0.0 0.0 0.0 0.0 1.0 0.0; 0.0 0.0 0.0 0.0 0.0 0.0 0.0 1.0 0.0 0.0; 0.0 0.0 0.0 0.0 0.0 0.0 0.0 1.0 0.0 0.0]
y = [0.0, 1.0, 1.0, 0.0, 1.0, 1.0, 0.0, 1.0, 1.0, 0.0]

Résultats par la méthode d'arrondi :
Valeur objectif : 798
x = [0 1 0 0 0 0 0 0 0 0; 0 0 0 0 0 1 0 0 0 0; 0 0 0 0 0 0 0 1 0 0; 0 0 0 0 0 1 0 0 0 0; 0 0 0 0 0 0 0 1 0 0; 0 0 0 0 0 0 0 0 1 0; 0 0 0 0 0 1 0 0 0 0; 0 0 0 0 0 0 0 1 0 0; 0 0 1 0 0 0 0 0 0 0; 0 0 1 0 0 0 0 0 0 0; 0 0 0 0 1 0 0 0 0 0; 0 0 0 0 1 0 0 0 0 0; 0 0 0 0 0 0 0 1 0 0; 0 0 1 0 0 0 0 0 0 0; 0 1 0 0 0 0 0 0 0 0; 0 0 1 0 0 0 0 0 0 0; 0 0 0 0 0 0 0 0 1 0; 0 0 0 0 0 0 0 0 1 0; 0 0 0 0 0 0 0 1 0 0; 0 0 0 0 0 0 0 1 0 0]
y = [0, 1, 1, 0, 1, 1, 0, 1, 1, 0]

Résultats par la méthode primale-duale :
Valeur objectif : 872
x = [0 1 0 0 0 0 0 0 0 0; 0 0 0 0 0 1 0 0 0 0; 0 0 0 0 0 0 0 1 0 0; 0 0 0 0 0 1 0 0 0 0; 0 0 0 0 0 0 0 1 0 0; 0 0 0 0 0 0 0 1 0 0; 0 0 0 0 0 1 0 0 0 0; 0 0 0 0 0 0 0 1 0 0; 0 0 1 0 0 0 0 0 0 0; 0 0 1 0 0 0 0 0 0 0; 0 0 0 0 1 0 0 0 0 0; 0 0 0 0 1 0 0 0 0 0; 0 0 0 0 0 0 0 1 0 0; 0 0 1 0 0 0 0 0 0 0; 0 1 0 0 0 0 0 0 0 0; 0 0 1 0 0 0 0 0 0 0; 0 0 0 0 0 1 0 0 0 0; 0 0 0 0 0 1 0 0 0 0; 0 0 0 0 0 0 0 1 0 0; 0 0 0 0 0 0 0 1 0 0]
y = [0, 1, 1, 0, 1, 1, 0, 1, 0, 0]
