L = 40
N = 20
M = 10
D = [18 26 69 65 54 12 64 40 59 13; 3 27 50 46 35 17 45 40 40 25; 3 30 48 44 37 19 47 44 38 27; 46 45 48 51 10 50 22 42 38 55; 19 16 70 66 45 3 60 30 60 5; 16 25 67 63 51 9 61 39 57 12; 24 50 27 23 39 40 34 52 17 48; 9 22 60 56 41 7 51 36 50 15; 40 38 58 61 8 44 38 26 48 49; 45 62 30 33 27 52 5 59 20 60; 34 62 47 40 63 46 65 76 47 49; 22 48 29 25 40 38 37 53 19 46; 18 44 33 29 31 34 32 44 23 42; 25 15 62 58 24 18 52 17 52 23; 36 44 39 42 11 40 23 41 29 45; 48 74 8 12 42 64 20 71 7 72; 13 25 64 60 48 9 58 39 54 12; 24 40 63 59 62 24 72 54 54 27; 38 31 59 62 14 37 46 18 49 42; 31 39 39 42 11 35 28 36 29 40]
f = [49, 39, 33, 42, 28, 41, 42, 25, 25, 38]

Résultats par la méthode exacte :
Valeur objectif : 398.0
x = [0.0 0.0 0.0 0.0 0.0 1.0 0.0 0.0 0.0 0.0; 0.0 0.0 0.0 0.0 0.0 1.0 0.0 0.0 0.0 0.0; 0.0 0.0 0.0 0.0 0.0 1.0 0.0 0.0 0.0 0.0; 0.0 0.0 0.0 0.0 1.0 0.0 0.0 0.0 0.0 0.0; 0.0 0.0 0.0 0.0 0.0 1.0 0.0 0.0 0.0 0.0; 0.0 0.0 0.0 0.0 0.0 1.0 0.0 0.0 0.0 0.0; 0.0 0.0 0.0 0.0 0.0 0.0 0.0 0.0 1.0 0.0; 0.0 0.0 0.0 0.0 0.0 1.0 0.0 0.0 0.0 0.0; 0.0 0.0 0.0 0.0 1.0 0.0 0.0 0.0 0.0 0.0; 0.0 0.0 0.0 0.0 0.0 0.0 0.0 0.0 1.0 0.0; 0.0 0.0 0.0 0.0 0.0 1.0 0.0 0.0 0.0 0.0; 0.0 0.0 0.0 0.0 0.0 0.0 0.0 0.0 1.0 0.0; 0.0 0.0 0.0 0.0 0.0 0.0 0.0 0.0 1.0 0.0; 0.0 0.0 0.0 0.0 0.0 1.0 0.0 0.0 0.0 0.0; 0.0 0.0 0.0 0.0 1.0 0.0 0.0 0.0 0.0 0.0; 0.0 0.0 0.0 0.0 0.0 0.0 0.0 0.0 1.0 0.0; 0.0 0.0 0.0 0.0 0.0 1.0 0.0 0.0 0.0 0.0; 0.0 0.0 0.0 0.0 0.0 1.0 0.0 0.0 0.0 0.0; 0.0 0.0 0.0 0.0 1.0 0.0 0.0 0.0 0.0 0.0; 0.0 0.0 0.0 0.0 1.0 0.0 0.0 0.0 0.0 0.0]
y = [0.0, -0.0, -0.0, -0.0, 1.0, 1.0, -0.0, -0.0, 1.0, -0.0]

Résultats par le problème relâché :
Valeur objectif : 398.0
x = [0.0 0.0 0.0 0.0 0.0 1.0 0.0 0.0 0.0 0.0; 0.0 0.0 0.0 0.0 0.0 1.0 0.0 0.0 0.0 0.0; 0.0 0.0 0.0 0.0 0.0 1.0 0.0 0.0 0.0 0.0; 0.0 0.0 0.0 0.0 1.0 0.0 0.0 0.0 0.0 0.0; 0.0 0.0 0.0 0.0 0.0 1.0 0.0 0.0 0.0 0.0; 0.0 0.0 0.0 0.0 0.0 1.0 0.0 0.0 0.0 0.0; 0.0 0.0 0.0 0.0 0.0 0.0 0.0 0.0 1.0 0.0; 0.0 0.0 0.0 0.0 0.0 1.0 0.0 0.0 0.0 0.0; 0.0 0.0 0.0 0.0 1.0 0.0 0.0 0.0 0.0 0.0; 0.0 0.0 0.0 0.0 0.0 0.0 0.0 0.0 1.0 0.0; 0.0 0.0 0.0 0.0 0.0 1.0 0.0 0.0 0.0 0.0; 0.0 0.0 0.0 0.0 0.0 0.0 0.0 0.0 1.0 0.0; 0.0 0.0 0.0 0.0 0.0 0.0 0.0 0.0 1.0 0.0; 0.0 0.0 0.0 0.0 0.0 1.0 0.0 0.0 0.0 0.0; 0.0 0.0 0.0 0.0 1.0 0.0 0.0 0.0 0.0 0.0; 0.0 0.0 0.0 0.0 0.0 0.0 0.0 0.0 1.0 0.0; 0.0 0.0 0.0 0.0 0.0 1.0 0.0 0.0 0.0 0.0; 0.0 0.0 0.0 0.0 0.0 1.0 0.0 0.0 0.0 0.0; 0.0 0.0 0.0 0.0 1.0 0.0 0.0 0.0 0.0 0.0; 0.0 0.0 0.0 0.0 1.0 0.0 0.0 0.0 0.0 0.0]
y = [0.0, 0.0, 0.0, 0.0, 1.0, 1.0, 0.0, 0.0, 1.0, 0.0]

Résultats par la méthode d'arrondi :
Valeur objectif : 398
x = [0 0 0 0 0 1 0 0 0 0; 0 0 0 0 0 1 0 0 0 0; 0 0 0 0 0 1 0 0 0 0; 0 0 0 0 1 0 0 0 0 0; 0 0 0 0 0 1 0 0 0 0; 0 0 0 0 0 1 0 0 0 0; 0 0 0 0 0 0 0 0 1 0; 0 0 0 0 0 1 0 0 0 0; 0 0 0 0 1 0 0 0 0 0; 0 0 0 0 0 0 0 0 1 0; 0 0 0 0 0 1 0 0 0 0; 0 0 0 0 0 0 0 0 1 0; 0 0 0 0 0 0 0 0 1 0; 0 0 0 0 0 1 0 0 0 0; 0 0 0 0 1 0 0 0 0 0; 0 0 0 0 0 0 0 0 1 0; 0 0 0 0 0 1 0 0 0 0; 0 0 0 0 0 1 0 0 0 0; 0 0 0 0 1 0 0 0 0 0; 0 0 0 0 1 0 0 0 0 0]
y = [0, 0, 0, 0, 1, 1, 0, 0, 1, 0]

Résultats par la méthode primale-duale :
Valeur objectif : 427
x = [1 0 0 0 0 0 0 0 0 0; 1 0 0 0 0 0 0 0 0 0; 1 0 0 0 0 0 0 0 0 0; 0 0 0 0 1 0 0 0 0 0; 1 0 0 0 0 0 0 0 0 0; 1 0 0 0 0 0 0 0 0 0; 1 0 0 0 0 0 0 0 0 0; 1 0 0 0 0 0 0 0 0 0; 0 0 0 0 1 0 0 0 0 0; 0 0 0 0 1 0 0 0 0 0; 1 0 0 0 0 0 0 0 0 0; 1 0 0 0 0 0 0 0 0 0; 1 0 0 0 0 0 0 0 0 0; 0 0 0 0 1 0 0 0 0 0; 0 0 0 0 1 0 0 0 0 0; 0 0 0 0 1 0 0 0 0 0; 1 0 0 0 0 0 0 0 0 0; 1 0 0 0 0 0 0 0 0 0; 0 0 0 0 1 0 0 0 0 0; 0 0 0 0 1 0 0 0 0 0]
y = [1, 0, 0, 0, 1, 0, 0, 0, 0, 0]
