L = 90
N = 20
M = 10
D = [27 34 102 123 88 108 121 21 13 10; 84 115 11 19 24 28 35 90 122 109; 75 52 110 127 84 80 143 72 95 72; 65 76 75 92 49 45 108 62 85 70; 26 28 99 120 85 105 118 18 22 2; 97 141 32 15 58 62 4 103 135 122; 92 123 24 24 31 23 40 98 130 117; 44 87 86 107 76 100 105 47 51 61; 57 111 41 60 53 77 58 66 75 85; 96 127 21 13 35 34 31 102 134 121; 44 14 99 116 78 98 132 35 47 24; 56 31 111 128 85 83 144 51 74 51; 60 83 132 153 118 138 151 63 40 63; 65 11 120 137 96 116 153 56 50 37; 61 55 136 157 122 142 155 55 23 36; 37 91 39 60 33 57 58 46 74 65; 107 150 41 24 67 71 13 113 145 132; 60 83 121 142 107 127 140 63 40 63; 44 95 31 52 29 53 50 50 82 69; 73 104 47 64 33 17 80 79 111 98]
f = [32, 42, 31, 39, 28, 49, 25, 44, 31, 39]

Résultats par la méthode exacte :
Valeur objectif : 712.0
x = [0.0 0.0 0.0 0.0 0.0 0.0 0.0 0.0 1.0 0.0; 0.0 0.0 1.0 0.0 0.0 0.0 0.0 0.0 0.0 0.0; 0.0 1.0 0.0 0.0 0.0 0.0 0.0 0.0 0.0 0.0; 0.0 0.0 0.0 0.0 1.0 0.0 0.0 0.0 0.0 0.0; 0.0 0.0 0.0 0.0 0.0 0.0 0.0 0.0 1.0 0.0; 0.0 0.0 0.0 0.0 0.0 0.0 1.0 0.0 0.0 0.0; 0.0 0.0 1.0 0.0 0.0 0.0 0.0 0.0 0.0 0.0; 0.0 0.0 0.0 0.0 0.0 0.0 0.0 0.0 1.0 0.0; 0.0 0.0 1.0 0.0 0.0 0.0 0.0 0.0 0.0 0.0; 0.0 0.0 1.0 0.0 0.0 0.0 0.0 0.0 0.0 0.0; 0.0 1.0 0.0 0.0 0.0 0.0 0.0 0.0 0.0 0.0; 0.0 1.0 0.0 0.0 0.0 0.0 0.0 0.0 0.0 0.0; 0.0 0.0 0.0 0.0 0.0 0.0 0.0 0.0 1.0 0.0; 0.0 1.0 0.0 0.0 0.0 0.0 0.0 0.0 0.0 0.0; 0.0 0.0 0.0 0.0 0.0 0.0 0.0 0.0 1.0 0.0; 0.0 0.0 0.0 0.0 1.0 0.0 0.0 0.0 0.0 0.0; 0.0 0.0 0.0 0.0 0.0 0.0 1.0 0.0 0.0 0.0; 0.0 0.0 0.0 0.0 0.0 0.0 0.0 0.0 1.0 0.0; 0.0 0.0 0.0 0.0 1.0 0.0 0.0 0.0 0.0 0.0; 0.0 0.0 0.0 0.0 1.0 0.0 0.0 0.0 0.0 0.0]
y = [-0.0, 1.0, 1.0, -0.0, 1.0, -0.0, 1.0, -0.0, 1.0, -0.0]

Résultats par le problème relâché :
Valeur objectif : 712.0
x = [0.0 0.0 0.0 0.0 0.0 0.0 0.0 0.0 1.0 0.0; 0.0 0.0 1.0 0.0 0.0 0.0 0.0 0.0 0.0 0.0; 0.0 1.0 0.0 0.0 0.0 0.0 0.0 0.0 0.0 0.0; 0.0 0.0 0.0 0.0 1.0 0.0 0.0 0.0 0.0 0.0; 0.0 0.0 0.0 0.0 0.0 0.0 0.0 0.0 1.0 0.0; 0.0 0.0 0.0 0.0 0.0 0.0 1.0 0.0 0.0 0.0; 0.0 0.0 1.0 0.0 0.0 0.0 0.0 0.0 0.0 0.0; 0.0 0.0 0.0 0.0 0.0 0.0 0.0 0.0 1.0 0.0; 0.0 0.0 1.0 0.0 0.0 0.0 0.0 0.0 0.0 0.0; 0.0 0.0 1.0 0.0 0.0 0.0 0.0 0.0 0.0 0.0; 0.0 1.0 0.0 0.0 0.0 0.0 0.0 0.0 0.0 0.0; 0.0 1.0 0.0 0.0 0.0 0.0 0.0 0.0 0.0 0.0; 0.0 0.0 0.0 0.0 0.0 0.0 0.0 0.0 1.0 0.0; 0.0 1.0 0.0 0.0 0.0 0.0 0.0 0.0 0.0 0.0; 0.0 0.0 0.0 0.0 0.0 0.0 0.0 0.0 1.0 0.0; 0.0 0.0 0.0 0.0 1.0 0.0 0.0 0.0 0.0 0.0; 0.0 0.0 0.0 0.0 0.0 0.0 1.0 0.0 0.0 0.0; 0.0 0.0 0.0 0.0 0.0 0.0 0.0 0.0 1.0 0.0; 0.0 0.0 0.0 0.0 1.0 0.0 0.0 0.0 0.0 0.0; 0.0 0.0 0.0 0.0 1.0 0.0 0.0 0.0 0.0 0.0]
y = [0.0, 1.0, 1.0, 0.0, 1.0, 0.0, 1.0, 0.0, 1.0, 0.0]

Résultats par la méthode d'arrondi :
Valeur objectif : 712
x = [0 0 0 0 0 0 0 0 1 0; 0 0 1 0 0 0 0 0 0 0; 0 1 0 0 0 0 0 0 0 0; 0 0 0 0 1 0 0 0 0 0; 0 0 0 0 0 0 0 0 1 0; 0 0 0 0 0 0 1 0 0 0; 0 0 1 0 0 0 0 0 0 0; 0 0 0 0 0 0 0 0 1 0; 0 0 1 0 0 0 0 0 0 0; 0 0 1 0 0 0 0 0 0 0; 0 1 0 0 0 0 0 0 0 0; 0 1 0 0 0 0 0 0 0 0; 0 0 0 0 0 0 0 0 1 0; 0 1 0 0 0 0 0 0 0 0; 0 0 0 0 0 0 0 0 1 0; 0 0 0 0 1 0 0 0 0 0; 0 0 0 0 0 0 1 0 0 0; 0 0 0 0 0 0 0 0 1 0; 0 0 0 0 1 0 0 0 0 0; 0 0 0 0 1 0 0 0 0 0]
y = [0, 1, 1, 0, 1, 0, 1, 0, 1, 0]

Résultats par la méthode primale-duale :
Valeur objectif : 732
x = [0 0 0 0 0 0 0 0 1 0; 0 0 1 0 0 0 0 0 0 0; 0 1 0 0 0 0 0 0 0 0; 0 0 1 0 0 0 0 0 0 0; 0 0 0 0 0 0 0 0 1 0; 0 0 0 0 0 0 1 0 0 0; 0 0 1 0 0 0 0 0 0 0; 0 0 0 0 0 0 0 0 1 0; 0 0 1 0 0 0 0 0 0 0; 0 0 1 0 0 0 0 0 0 0; 0 1 0 0 0 0 0 0 0 0; 0 1 0 0 0 0 0 0 0 0; 0 0 0 0 0 0 0 0 1 0; 0 1 0 0 0 0 0 0 0 0; 0 0 0 0 0 0 0 0 1 0; 0 0 1 0 0 0 0 0 0 0; 0 0 0 0 0 0 1 0 0 0; 0 0 0 0 0 0 0 0 1 0; 0 0 1 0 0 0 0 0 0 0; 0 0 1 0 0 0 0 0 0 0]
y = [0, 1, 1, 0, 0, 0, 1, 0, 1, 0]
