L = 70
N = 20
M = 10
D = [55 86 43 55 91 40 27 20 15 41; 89 94 77 68 99 48 61 14 43 75; 98 65 86 77 95 57 82 48 79 84; 109 20 105 78 60 73 117 110 114 105; 62 34 58 31 37 27 70 71 73 58; 68 28 64 37 44 32 76 70 73 64; 97 30 93 66 82 61 105 71 102 93; 91 87 79 70 92 50 63 19 50 77; 77 19 73 46 51 41 85 72 82 73; 8 104 17 39 57 46 33 80 51 19; 29 103 21 39 75 43 7 53 24 19; 58 38 54 27 32 28 66 72 74 54; 95 16 91 64 46 61 103 105 107 91; 44 79 32 37 73 22 25 31 24 30; 30 105 22 40 76 45 7 54 25 20; 42 75 30 31 67 16 29 33 30 28; 51 45 47 21 17 36 67 80 82 47; 46 60 54 36 8 51 82 95 97 56; 93 13 89 62 44 57 101 100 102 89; 80 37 76 52 31 67 98 111 113 76]
f = [49, 37, 29, 32, 34, 46, 49, 25, 36, 30]

Résultats par la méthode exacte :
Valeur objectif : 591.0
x = [0.0 0.0 0.0 0.0 0.0 0.0 0.0 1.0 0.0 0.0; 0.0 0.0 0.0 0.0 0.0 0.0 0.0 1.0 0.0 0.0; 0.0 0.0 0.0 0.0 0.0 0.0 0.0 1.0 0.0 0.0; 0.0 1.0 0.0 0.0 0.0 0.0 0.0 0.0 0.0 0.0; 0.0 1.0 0.0 0.0 0.0 0.0 0.0 0.0 0.0 0.0; 0.0 1.0 0.0 0.0 0.0 0.0 0.0 0.0 0.0 0.0; 0.0 1.0 0.0 0.0 0.0 0.0 0.0 0.0 0.0 0.0; 0.0 0.0 0.0 0.0 0.0 0.0 0.0 1.0 0.0 0.0; 0.0 1.0 0.0 0.0 0.0 0.0 0.0 0.0 0.0 0.0; 0.0 0.0 0.0 0.0 0.0 0.0 0.0 0.0 0.0 1.0; 0.0 0.0 0.0 0.0 0.0 0.0 0.0 0.0 0.0 1.0; 0.0 0.0 0.0 0.0 1.0 0.0 0.0 0.0 0.0 0.0; 0.0 1.0 0.0 0.0 0.0 0.0 0.0 0.0 0.0 0.0; 0.0 0.0 0.0 0.0 0.0 0.0 0.0 0.0 0.0 1.0; 0.0 0.0 0.0 0.0 0.0 0.0 0.0 0.0 0.0 1.0; 0.0 0.0 0.0 0.0 0.0 0.0 0.0 0.0 0.0 1.0; 0.0 0.0 0.0 0.0 1.0 0.0 0.0 0.0 0.0 0.0; 0.0 0.0 0.0 0.0 1.0 0.0 0.0 0.0 0.0 0.0; 0.0 1.0 0.0 0.0 0.0 0.0 0.0 0.0 0.0 0.0; 0.0 0.0 0.0 0.0 1.0 0.0 0.0 0.0 0.0 0.0]
y = [-0.0, 1.0, -0.0, -0.0, 1.0, -0.0, -0.0, 1.0, -0.0, 1.0]

Résultats par le problème relâché :
Valeur objectif : 591.0
x = [0.0 0.0 0.0 0.0 0.0 0.0 0.0 1.0 0.0 0.0; 0.0 0.0 0.0 0.0 0.0 0.0 0.0 1.0 0.0 0.0; 0.0 0.0 0.0 0.0 0.0 0.0 0.0 1.0 0.0 0.0; 0.0 1.0 0.0 0.0 0.0 0.0 0.0 0.0 0.0 0.0; 0.0 1.0 0.0 0.0 0.0 0.0 0.0 0.0 0.0 0.0; 0.0 1.0 0.0 0.0 0.0 0.0 0.0 0.0 0.0 0.0; 0.0 1.0 0.0 0.0 0.0 0.0 0.0 0.0 0.0 0.0; 0.0 0.0 0.0 0.0 0.0 0.0 0.0 1.0 0.0 0.0; 0.0 1.0 0.0 0.0 0.0 0.0 0.0 0.0 0.0 0.0; 0.0 0.0 0.0 0.0 0.0 0.0 0.0 0.0 0.0 1.0; 0.0 0.0 0.0 0.0 0.0 0.0 0.0 0.0 0.0 1.0; 0.0 0.0 0.0 0.0 1.0 0.0 0.0 0.0 0.0 0.0; 0.0 1.0 0.0 0.0 0.0 0.0 0.0 0.0 0.0 0.0; 0.0 0.0 0.0 0.0 0.0 0.0 0.0 0.0 0.0 1.0; 0.0 0.0 0.0 0.0 0.0 0.0 0.0 0.0 0.0 1.0; 0.0 0.0 0.0 0.0 0.0 0.0 0.0 0.0 0.0 1.0; 0.0 0.0 0.0 0.0 1.0 0.0 0.0 0.0 0.0 0.0; 0.0 0.0 0.0 0.0 1.0 0.0 0.0 0.0 0.0 0.0; 0.0 1.0 0.0 0.0 0.0 0.0 0.0 0.0 0.0 0.0; 0.0 0.0 0.0 0.0 1.0 0.0 0.0 0.0 0.0 0.0]
y = [0.0, 1.0, 0.0, 0.0, 1.0, 0.0, 0.0, 1.0, 0.0, 1.0]

Résultats par la méthode d'arrondi :
Valeur objectif : 591
x = [0 0 0 0 0 0 0 1 0 0; 0 0 0 0 0 0 0 1 0 0; 0 0 0 0 0 0 0 1 0 0; 0 1 0 0 0 0 0 0 0 0; 0 1 0 0 0 0 0 0 0 0; 0 1 0 0 0 0 0 0 0 0; 0 1 0 0 0 0 0 0 0 0; 0 0 0 0 0 0 0 1 0 0; 0 1 0 0 0 0 0 0 0 0; 0 0 0 0 0 0 0 0 0 1; 0 0 0 0 0 0 0 0 0 1; 0 0 0 0 1 0 0 0 0 0; 0 1 0 0 0 0 0 0 0 0; 0 0 0 0 0 0 0 0 0 1; 0 0 0 0 0 0 0 0 0 1; 0 0 0 0 0 0 0 0 0 1; 0 0 0 0 1 0 0 0 0 0; 0 0 0 0 1 0 0 0 0 0; 0 1 0 0 0 0 0 0 0 0; 0 0 0 0 1 0 0 0 0 0]
y = [0, 1, 0, 0, 1, 0, 0, 1, 0, 1]

Résultats par la méthode primale-duale :
Valeur objectif : 595
x = [0 0 0 0 0 0 0 1 0 0; 0 0 0 0 0 0 0 1 0 0; 0 0 0 0 0 0 0 1 0 0; 0 1 0 0 0 0 0 0 0 0; 0 1 0 0 0 0 0 0 0 0; 0 1 0 0 0 0 0 0 0 0; 0 1 0 0 0 0 0 0 0 0; 0 0 0 0 0 0 0 1 0 0; 0 1 0 0 0 0 0 0 0 0; 0 0 0 0 0 0 1 0 0 0; 0 0 0 0 0 0 1 0 0 0; 0 0 0 0 1 0 0 0 0 0; 0 1 0 0 0 0 0 0 0 0; 0 0 0 0 0 0 1 0 0 0; 0 0 0 0 0 0 1 0 0 0; 0 0 0 0 0 0 1 0 0 0; 0 0 0 0 1 0 0 0 0 0; 0 0 0 0 1 0 0 0 0 0; 0 1 0 0 0 0 0 0 0 0; 0 0 0 0 1 0 0 0 0 0]
y = [0, 1, 0, 0, 1, 0, 1, 1, 0, 0]
