L = 10
N = 20
M = 10
D = [15 6 9 7 16 17 11 1 15 9; 12 3 6 4 13 14 8 4 12 6; 15 8 12 5 10 11 6 6 10 3; 13 3 2 7 15 15 10 8 13 11; 10 7 11 3 6 7 1 10 5 2; 13 10 14 6 6 9 4 10 8 2; 14 4 7 6 15 16 10 3 14 8; 13 4 8 3 12 13 7 4 11 5; 12 8 12 4 7 8 3 9 7 0; 8 10 13 7 3 4 3 14 3 5; 12 5 1 9 17 14 12 11 12 13; 14 4 2 8 16 16 11 8 14 12; 7 7 9 4 7 6 2 11 4 5; 4 9 10 6 8 4 5 13 3 8; 12 10 14 6 5 8 3 11 7 2; 15 9 13 5 9 11 6 7 10 3; 9 10 14 7 2 5 3 14 4 5; 12 2 5 4 13 14 8 5 12 7; 18 13 17 9 9 14 9 10 13 6; 6 7 8 4 8 6 3 11 4 6]
f = [50, 45, 48, 49, 49, 30, 32, 37, 33, 28]

Résultats par la méthode exacte :
Valeur objectif : 146.0
x = [0.0 0.0 0.0 0.0 0.0 0.0 0.0 0.0 0.0 1.0; 0.0 0.0 0.0 0.0 0.0 0.0 0.0 0.0 0.0 1.0; 0.0 0.0 0.0 0.0 0.0 0.0 0.0 0.0 0.0 1.0; 0.0 0.0 0.0 0.0 0.0 0.0 0.0 0.0 0.0 1.0; 0.0 0.0 0.0 0.0 0.0 0.0 0.0 0.0 0.0 1.0; 0.0 0.0 0.0 0.0 0.0 0.0 0.0 0.0 0.0 1.0; 0.0 0.0 0.0 0.0 0.0 0.0 0.0 0.0 0.0 1.0; 0.0 0.0 0.0 0.0 0.0 0.0 0.0 0.0 0.0 1.0; 0.0 0.0 0.0 0.0 0.0 0.0 0.0 0.0 0.0 1.0; 0.0 0.0 0.0 0.0 0.0 0.0 0.0 0.0 0.0 1.0; 0.0 0.0 0.0 0.0 0.0 0.0 0.0 0.0 0.0 1.0; 0.0 0.0 0.0 0.0 0.0 0.0 0.0 0.0 0.0 1.0; 0.0 0.0 0.0 0.0 0.0 0.0 0.0 0.0 0.0 1.0; 0.0 0.0 0.0 0.0 0.0 0.0 0.0 0.0 0.0 1.0; 0.0 0.0 0.0 0.0 0.0 0.0 0.0 0.0 0.0 1.0; 0.0 0.0 0.0 0.0 0.0 0.0 0.0 0.0 0.0 1.0; 0.0 0.0 0.0 0.0 0.0 0.0 0.0 0.0 0.0 1.0; 0.0 0.0 0.0 0.0 0.0 0.0 0.0 0.0 0.0 1.0; 0.0 0.0 0.0 0.0 0.0 0.0 0.0 0.0 0.0 1.0; 0.0 0.0 0.0 0.0 0.0 0.0 0.0 0.0 0.0 1.0]
y = [-0.0, -0.0, -0.0, -0.0, -0.0, -0.0, -0.0, -0.0, -0.0, 1.0]

Résultats par le problème relâché :
Valeur objectif : 146.0
x = [0.0 0.0 0.0 0.0 0.0 0.0 0.0 0.0 0.0 1.0; 0.0 0.0 0.0 0.0 0.0 0.0 0.0 0.0 0.0 1.0; 0.0 0.0 0.0 0.0 0.0 0.0 0.0 0.0 0.0 1.0; 0.0 0.0 0.0 0.0 0.0 0.0 0.0 0.0 0.0 1.0; 0.0 0.0 0.0 0.0 0.0 0.0 0.0 0.0 0.0 1.0; 0.0 0.0 0.0 0.0 0.0 0.0 0.0 0.0 0.0 1.0; 0.0 0.0 0.0 0.0 0.0 0.0 0.0 0.0 0.0 1.0; 0.0 0.0 0.0 0.0 0.0 0.0 0.0 0.0 0.0 1.0; 0.0 0.0 0.0 0.0 0.0 0.0 0.0 0.0 0.0 1.0; 0.0 0.0 0.0 0.0 0.0 0.0 0.0 0.0 0.0 1.0; 0.0 0.0 0.0 0.0 0.0 0.0 0.0 0.0 0.0 1.0; 0.0 0.0 0.0 0.0 0.0 0.0 0.0 0.0 0.0 1.0; 0.0 0.0 0.0 0.0 0.0 0.0 0.0 0.0 0.0 1.0; 0.0 0.0 0.0 0.0 0.0 0.0 0.0 0.0 0.0 1.0; 0.0 0.0 0.0 0.0 0.0 0.0 0.0 0.0 0.0 1.0; 0.0 0.0 0.0 0.0 0.0 0.0 0.0 0.0 0.0 1.0; 0.0 0.0 0.0 0.0 0.0 0.0 0.0 0.0 0.0 1.0; 0.0 0.0 0.0 0.0 0.0 0.0 0.0 0.0 0.0 1.0; 0.0 0.0 0.0 0.0 0.0 0.0 0.0 0.0 0.0 1.0; 0.0 0.0 0.0 0.0 0.0 0.0 0.0 0.0 0.0 1.0]
y = [0.0, 0.0, 0.0, 0.0, 0.0, 0.0, 0.0, 0.0, 0.0, 1.0]

Résultats par la méthode d'arrondi :
Valeur objectif : 146
x = [0 0 0 0 0 0 0 0 0 1; 0 0 0 0 0 0 0 0 0 1; 0 0 0 0 0 0 0 0 0 1; 0 0 0 0 0 0 0 0 0 1; 0 0 0 0 0 0 0 0 0 1; 0 0 0 0 0 0 0 0 0 1; 0 0 0 0 0 0 0 0 0 1; 0 0 0 0 0 0 0 0 0 1; 0 0 0 0 0 0 0 0 0 1; 0 0 0 0 0 0 0 0 0 1; 0 0 0 0 0 0 0 0 0 1; 0 0 0 0 0 0 0 0 0 1; 0 0 0 0 0 0 0 0 0 1; 0 0 0 0 0 0 0 0 0 1; 0 0 0 0 0 0 0 0 0 1; 0 0 0 0 0 0 0 0 0 1; 0 0 0 0 0 0 0 0 0 1; 0 0 0 0 0 0 0 0 0 1; 0 0 0 0 0 0 0 0 0 1; 0 0 0 0 0 0 0 0 0 1]
y = [0, 0, 0, 0, 0, 0, 0, 0, 0, 1]

Résultats par la méthode primale-duale :
Valeur objectif : 157
x = [0 0 0 0 0 0 1 0 0 0; 0 0 0 0 0 0 1 0 0 0; 0 0 0 0 0 0 1 0 0 0; 0 0 0 0 0 0 1 0 0 0; 0 0 0 0 0 0 1 0 0 0; 0 0 0 0 0 0 1 0 0 0; 0 0 0 0 0 0 1 0 0 0; 0 0 0 0 0 0 1 0 0 0; 0 0 0 0 0 0 1 0 0 0; 0 0 0 0 0 0 1 0 0 0; 0 0 0 0 0 0 1 0 0 0; 0 0 0 0 0 0 1 0 0 0; 0 0 0 0 0 0 1 0 0 0; 0 0 0 0 0 0 1 0 0 0; 0 0 0 0 0 0 1 0 0 0; 0 0 0 0 0 0 1 0 0 0; 0 0 0 0 0 0 1 0 0 0; 0 0 0 0 0 0 1 0 0 0; 0 0 0 0 0 0 1 0 0 0; 0 0 0 0 0 0 1 0 0 0]
y = [0, 0, 0, 0, 0, 0, 1, 0, 0, 0]
